0.03389830508474576
0.18556701030927836
0.18181818181818182
0.21428571428571427
0.3333333333333333
0.16129032258064516
0.2857142857142857
0.15294117647058825
0.10714285714285714
0.21052631578947367
0.0625
0.0784313725490196
0.25
0.09523809523809523
0.48
0.10606060606060606
0.3
0.15789473684210525
0.16666666666666666
0.0
0.0
0.09090909090909091
0.1111111111111111
0.09523809523809523
0.18181818181818182
0.18604651162790697
0.2857142857142857
0.5714285714285714
0.2631578947368421
0.3404255319148936
0.037037037037037035
0.07692307692307693
0.2571428571428571
0.15384615384615385
0.4473684210526316
0.0
0.17857142857142858
0.07692307692307693
0.2702702702702703
0.37777777777777777
0.1111111111111111
0.6
0.38461538461538464
0.38
0.0
0.2777777777777778
0.3076923076923077
0.25
0.09090909090909091
0.0
0.0
0.0
0.1836734693877551
0.2222222222222222
0.2222222222222222
0.1951219512195122
0.23809523809523808
0.0
0.6842105263157895
0.13043478260869565
0.20689655172413793
0.18421052631578946
0.2
0.23809523809523808
0.21739130434782608
0.25
0.24210526315789474
0.16666666666666666
0.34615384615384615
0.3333333333333333
0.1
0.0
0.17073170731707318
0.3333333333333333
0.25
0.0625
0.23529411764705882
0.2777777777777778
0.1111111111111111
0.14705882352941177
0.14285714285714285
0.13043478260869565
0.25555555555555554
0.2
0.17857142857142858
0.3333333333333333
0.3125
0.23529411764705882
0.5172413793103449
0.21052631578947367
0.4375
0.09090909090909091
0.42105263157894735
0.2222222222222222
0.3333333333333333
0.3611111111111111
0.30434782608695654
0.25
0.3103448275862069
0.25
0.4107142857142857
0.09375
0.3076923076923077
0.16666666666666666
0.1
0.0
0.15384615384615385
0.2
0.0
0.0
0.0
0.7142857142857143
0.38095238095238093
0.21428571428571427
0.0
0.08333333333333333
0.36363636363636365
0.3125
0.0
0.18604651162790697
0.0
0.0
0.0
0.2692307692307692
0.0
0.3170731707317073
0.6666666666666666
0.2727272727272727
0.0
0.125
0.08695652173913043
0.3684210526315789
0.10526315789473684
0.18518518518518517
0.4166666666666667
0.0
0.0
0.4117647058823529
0.0
0.1111111111111111
0.45714285714285713
0.25
0.0
0.5
0.6666666666666666
0.0
0.0
0.0
0.09090909090909091
1.0
0.0
0.0
0.5333333333333333
0.38095238095238093
0.2
0.22727272727272727
0.10344827586206896
0.15384615384615385
0.0
0.2857142857142857
0.11764705882352941
0.047619047619047616
0.2857142857142857
0.0
0.058823529411764705
0.16666666666666666
0.28125
0.3125
0.13793103448275862
0.0
0.2
0.29411764705882354
0.0
0.4166666666666667
0.0
0.0
0.0
0.28
0.0
0.2
0.0
0.058823529411764705
0.16666666666666666
0.7
0.0
0.09090909090909091
0.1
0.24528301886792453
0.2
0.0
0.0
0.0
0.08571428571428572
0.15384615384615385
0.0
0.09090909090909091
0.05555555555555555
0.35294117647058826
0.2236842105263158
0.058823529411764705
0.1875
0.28125
0.043478260869565216
0.0
0.15384615384615385
0.0
0.1388888888888889
0.2
0.14285714285714285
0.11764705882352941
0.0
0.029411764705882353
0.09090909090909091
0.25
0.2857142857142857
0.0
0.16666666666666666
0.10714285714285714
0.08333333333333333
0.1
0.2
0.08333333333333333
0.0
0.1111111111111111
0.0
0.4
0.125
0.0
0.18181818181818182
0.16666666666666666
0.28
0.3333333333333333
0.0
0.0
0.0
0.0
0.0
0.0
0.0
0.5
0.0
0.08108108108108109
0.21052631578947367
0.05
0.0625
0.07142857142857142
0.07142857142857142
0.125
0.8333333333333334
0.23076923076923078
0.0
0.0
0.05263157894736842
0.0
0.13333333333333333
0.3333333333333333
0.3076923076923077
0.05
0.2413793103448276
0.09090909090909091
0.23076923076923078
0.0
0.0
0.25
0.265625
0.06666666666666667
0.07272727272727272
0.0
0.05
0.2765957446808511
0.3103448275862069
0.23529411764705882
0.23529411764705882
0.05714285714285714
0.0
0.15
0.0
0.0
0.10526315789473684
0.14285714285714285
0.0
0.027777777777777776
0.0
0.08
0.0
0.15
0.0
0.0
0.08695652173913043
0.0
0.0
0.19148936170212766
0.0
0.35714285714285715
0.0
0.03125
0.0
0.375
0.0
0.375
0.0
0.031746031746031744
0.3235294117647059
0.6
0.2647058823529412
0.09523809523809523
0.07692307692307693
0.0
0.024390243902439025
0.0
0.16666666666666666
0.0
0.0
0.09090909090909091
0.2222222222222222
0.09375
0.0
0.0
0.3333333333333333
0.15
0.11764705882352941
0.3333333333333333
0.0
0.3333333333333333
0.36363636363636365
0.13333333333333333
0.07142857142857142
0.17142857142857143
0.0
0.3333333333333333
0.10714285714285714
0.25
0.26785714285714285
0.0
0.0
0.11428571428571428
0.0
0.06451612903225806
0.10526315789473684
0.45454545454545453
0.0
0.4166666666666667
0.05263157894736842
0.0
0.0
0.07142857142857142
0.08333333333333333
0.0
0.18181818181818182
0.08695652173913043
0.0
0.0
0.19230769230769232
0.0
0.1323529411764706
0.023255813953488372
0.0
0.08695652173913043
0.2
0.0
0.3076923076923077
0.08695652173913043
0.2
0.15384615384615385
0.07407407407407407
0.0
0.0
0.5454545454545454
0.375
0.06896551724137931
0.17857142857142858
0.8571428571428571
0.0
0.0
0.0
0.07142857142857142
0.0
0.0
0.125
0.2727272727272727
0.13043478260869565
0.2692307692307692
0.0
0.09090909090909091
0.0
0.2727272727272727
0.23529411764705882
0.09523809523809523
0.0
0.13333333333333333
0.0
0.1
0.0
0.0
0.0
0.0
0.0
0.0
0.06896551724137931
0.07407407407407407
0.0
0.0
0.25
0.24324324324324326
0.0
0.13636363636363635
0.0
0.14705882352941177
0.30434782608695654
0.20454545454545456
0.3181818181818182
0.09803921568627451
0.2222222222222222
0.35714285714285715
0.5333333333333333
0.25
0.1875
0.5384615384615384
0.3870967741935484
0.125
0.2631578947368421
0.0
0.13953488372093023
0.0
0.1111111111111111
0.0
0.35
0.15625
0.17647058823529413
0.0
0.25
0.0
0.18518518518518517
0.4
0.047619047619047616
0.42857142857142855
0.22580645161290322
0.42857142857142855
0.1
0.1111111111111111
0.4230769230769231
0.0
0.7777777777777778
0.0
0.2608695652173913
0.3125
0.18181818181818182
0.8181818181818182
0.1111111111111111
0.48717948717948717
0.2857142857142857
0.045454545454545456
0.26666666666666666
0.23529411764705882
0.3
0.23076923076923078
0.047619047619047616
0.5
0.14705882352941177
0.0
0.4666666666666667
0.4444444444444444
0.08333333333333333
0.09090909090909091
0.5
0.20833333333333334
0.06666666666666667
0.0
0.3611111111111111
0.20588235294117646
0.12698412698412698
0.0
0.5
0.4
0.25
0.2631578947368421
0.09090909090909091
0.05555555555555555
0.22580645161290322
0.3333333333333333
0.08108108108108109
0.04
0.20833333333333334
0.23809523809523808
0.3
0.0
0.5
0.2
0.5
0.18518518518518517
0.047619047619047616
0.5384615384615384
0.08695652173913043
0.21739130434782608
0.21052631578947367
0.18181818181818182
0.18181818181818182
0.07692307692307693
0.13636363636363635
0.15789473684210525
0.2978723404255319
0.2857142857142857
0.27586206896551724
0.3181818181818182
0.0
0.07692307692307693
0.2962962962962963
0.09302325581395349
0.14285714285714285
0.0
0.5333333333333333
0.0
0.5
0.08333333333333333
0.3870967741935484
0.4444444444444444
0.18181818181818182
0.42105263157894735
0.28
0.38461538461538464
0.0967741935483871
0.11764705882352941
0.15
0.45
0.29411764705882354
0.0
0.09523809523809523
0.25
0.16666666666666666
0.16
0.3333333333333333
0.19444444444444445
0.4782608695652174
0.3888888888888889
0.2
0.0
0.8181818181818182
0.21428571428571427
0.2857142857142857
0.2222222222222222
0.3333333333333333
0.3333333333333333
0.2857142857142857
0.1111111111111111
0.5
0.5882352941176471
0.42857142857142855
0.15384615384615385
0.2
0.0
0.0
0.9230769230769231
0.35714285714285715
0.3333333333333333
0.16666666666666666
0.21428571428571427
0.0625
0.0
0.14285714285714285
0.6470588235294118
0.038461538461538464
0.15625
0.125
0.6923076923076923
0.0
0.5384615384615384
0.2
0.3157894736842105
0.0
0.0
0.0
0.2222222222222222
0.625
0.5
0.0
0.0
0.3
0.0
0.125
0.3333333333333333
0.07692307692307693
0.36363636363636365
0.07692307692307693
0.0
0.0
0.3333333333333333
0.625
0.0
0.3
0.0
0.8333333333333334
0.7
0.6153846153846154
0.2222222222222222
0.3
0.04
0.5384615384615384
0.26666666666666666
0.35714285714285715
0.25
0.5333333333333333
0.09090909090909091
0.3
0.5384615384615384
0.5714285714285714
0.0
0.6666666666666666
0.21052631578947367
0.14285714285714285
0.0
0.3
0.05
0.18181818181818182
0.0
0.0
0.17391304347826086
0.0
0.03333333333333333
0.25
0.07017543859649122
0.08333333333333333
0.14285714285714285
0.06666666666666667
0.08163265306122448
0.2631578947368421
0.0
0.0
0.0
0.1
0.0
0.0625
0.11764705882352941
0.16216216216216217
0.21739130434782608
0.23076923076923078
0.0
0.0
0.16666666666666666
0.0
0.0
0.1
0.125
0.10416666666666667
0.058823529411764705
0.16129032258064516
0.23255813953488372
0.10526315789473684
0.0
0.0
0.17721518987341772
0.07142857142857142
0.23076923076923078
0.1323529411764706
0.0
0.3076923076923077
0.05263157894736842
0.0
0.0
0.3157894736842105
0.047619047619047616
0.0
0.13043478260869565
0.14285714285714285
0.26666666666666666
0.14285714285714285
0.05357142857142857
0.030303030303030304
0.06666666666666667
0.2727272727272727
0.0625
0.05263157894736842
0.34285714285714286
0.05
0.16
0.0
0.03571428571428571
0.0
0.0
0.14285714285714285
0.05263157894736842
0.0
0.1111111111111111
0.0
0.0
0.0
0.0
0.0
0.0
0.04
0.0
0.10204081632653061
0.10344827586206896
0.18421052631578946
0.16666666666666666
0.027777777777777776
0.2222222222222222
0.0
0.0
0.13636363636363635
0.0
0.11764705882352941
0.0
0.36363636363636365
0.1951219512195122
0.0
0.14583333333333334
0.0
0.04054054054054054
0.05263157894736842
0.05
0.2558139534883721
0.5
0.0
0.3409090909090909
0.0
0.0
0.12
0.08823529411764706
0.17391304347826086
0.0
0.0
0.05263157894736842
0.15384615384615385
0.2
0.35
0.0
0.25
0.0
0.09090909090909091
0.06666666666666667
0.0
0.13333333333333333
0.0
0.2727272727272727
0.1935483870967742
0.0
0.058823529411764705
0.0
0.09090909090909091
0.0
0.17391304347826086
0.4117647058823529
0.0
0.2962962962962963
0.0
0.0
0.0967741935483871
0.0
0.26666666666666666
0.07692307692307693
0.0
0.11764705882352941
0.0
0.07142857142857142
0.0
0.0
0.3333333333333333
0.0
0.2571428571428571
0.18181818181818182
0.45454545454545453
0.0
0.1875
0.0
0.0
0.0
0.0
0.09090909090909091
0.2857142857142857
0.2
0.0
0.0
0.0
0.10526315789473684
0.2631578947368421
0.2413793103448276
0.0
0.16666666666666666
0.3333333333333333
0.0
0.0
0.0
0.06666666666666667
0.21428571428571427
0.3939393939393939
0.07142857142857142
0.11764705882352941
0.3125
0.06818181818181818
0.058823529411764705
0.0
0.0
0.1111111111111111
0.0
0.1724137931034483
0.1
0.0
0.17647058823529413
0.0
0.0
0.19444444444444445
0.125
0.05
0.0
0.0
0.017543859649122806
0.23076923076923078
0.09523809523809523
0.0625
0.07142857142857142
0.225
0.10526315789473684
0.10714285714285714
0.0
0.08
0.0
0.16666666666666666
0.45
0.18181818181818182
0.0
0.0
0.3125
0.0
0.3333333333333333
0.0
0.4
0.10810810810810811
0.07142857142857142
0.0
0.19047619047619047
0.08823529411764706
0.8333333333333334
0.0
0.2
0.0
0.058823529411764705
0.3333333333333333
0.08333333333333333
0.1111111111111111
0.125
0.0
0.21052631578947367
0.08333333333333333
0.29411764705882354
0.0
0.6666666666666666
0.0
0.0
0.0
0.07692307692307693
0.15789473684210525
0.0
0.0
0.0
0.0
0.0
0.0
0.14285714285714285
0.125
0.1
0.06666666666666667
0.05
0.0
0.5714285714285714
0.3333333333333333
0.2857142857142857
0.23529411764705882
0.36363636363636365
0.0
0.13157894736842105
0.3448275862068966
0.0
0.0
0.2222222222222222
0.15625
0.2222222222222222
0.0
0.08823529411764706
0.0
0.17964071856287425
0.1
0.08695652173913043
0.4444444444444444
0.2903225806451613
0.07692307692307693
0.0
0.0625
0.0
0.1111111111111111
0.2
0.12
0.18181818181818182
0.3125
0.06060606060606061
0.21052631578947367
0.13333333333333333
0.07142857142857142
0.2857142857142857
0.4090909090909091
0.08695652173913043
0.13157894736842105
0.17857142857142858
0.1111111111111111
0.05263157894736842
0.0
0.06666666666666667
0.0
0.18181818181818182
0.18518518518518517
0.07894736842105263
0.2857142857142857
0.08
0.07407407407407407
0.0
0.0
0.07142857142857142
0.0
0.16666666666666666
0.06666666666666667
0.16
0.14893617021276595
0.14285714285714285
0.0
0.12371134020618557
0.0
0.06521739130434782
0.15384615384615385
0.0
0.1111111111111111
0.6206896551724138
0.5416666666666666
0.14285714285714285
0.3
0.4
0.5
0.1111111111111111
0.25
0.0
0.45454545454545453
0.21153846153846154
0.0
0.1951219512195122
0.47368421052631576
0.0
0.375
0.2
0.0
0.6923076923076923
0.2
0.2222222222222222
0.0
0.05
0.56
0.7333333333333333
0.0
0.0
0.375
0.3
0.2857142857142857
0.125
0.0
0.0
0.0
0.21052631578947367
0.0
0.0625
0.16666666666666666
0.16417910447761194
0.14285714285714285
0.8461538461538461
0.4090909090909091
0.45454545454545453
0.0
0.4166666666666667
0.3181818181818182
0.16216216216216217
0.11764705882352941
0.5
0.3333333333333333
0.07142857142857142
0.0
0.06666666666666667
0.5714285714285714
0.5483870967741935
0.36363636363636365
0.32432432432432434
0.43478260869565216
0.0
0.20588235294117646
0.03125
0.2972972972972973
0.07692307692307693
0.4411764705882353
0.09523809523809523
0.45454545454545453
0.47058823529411764
0.4
0.0
0.0
0.36363636363636365
0.0
0.2
0.35294117647058826
0.391304347826087
0.14285714285714285
0.13636363636363635
0.05263157894736842
0.4642857142857143
0.10526315789473684
0.4117647058823529
0.4230769230769231
0.0
0.36363636363636365
0.058823529411764705
0.23529411764705882
0.4782608695652174
0.5714285714285714
0.40789473684210525
0.34782608695652173
0.375
0.5
0.17647058823529413
0.125
0.0
0.0
0.0
0.23076923076923078
0.05555555555555555
0.0
0.3333333333333333
0.3333333333333333
0.42857142857142855
0.2692307692307692
0.4
0.625
0.5
0.3
0.36363636363636365
0.0
0.18181818181818182
0.125
0.3488372093023256
0.22580645161290322
0.0625
0.3
0.16666666666666666
0.13333333333333333
0.36363636363636365
0.3333333333333333
0.08333333333333333
0.0
0.21428571428571427
0.39285714285714285
0.5625
0.2777777777777778
0.45454545454545453
0.6363636363636364
0.43478260869565216
0.0625
0.17391304347826086
0.14285714285714285
0.5666666666666667
0.43243243243243246
0.2
0.0
0.11538461538461539
0.0
0.1
0.2708333333333333
0.2222222222222222
0.1
0.0
0.29411764705882354
0.0
0.23076923076923078
0.044444444444444446
0.2777777777777778
0.0
0.2
0.2222222222222222
0.0
0.2777777777777778
0.5172413793103449
0.0
0.0
0.23529411764705882
0.12121212121212122
0.0
0.0
0.3333333333333333
0.6818181818181818
0.0
0.5
0.0
0.0
0.3157894736842105
0.19047619047619047
0.34615384615384615
0.0
0.0
0.0
0.16666666666666666
0.2
0.0
0.125
0.041666666666666664
0.13513513513513514
0.125
0.0
0.0
0.37037037037037035
0.08333333333333333
0.2
0.10416666666666667
0.4
0.2777777777777778
0.2222222222222222
0.11864406779661017
0.3142857142857143
0.45
0.5
0.0
0.0
0.0
0.2857142857142857
0.1
0.0
0.13043478260869565
0.2857142857142857
0.2857142857142857
0.8571428571428571
0.3333333333333333
0.3125
0.4666666666666667
0.3333333333333333
0.125
0.0
0.2702702702702703
0.1111111111111111
0.13333333333333333
0.047619047619047616
0.3076923076923077
0.0625
0.3181818181818182
0.25
0.05
0.3333333333333333
0.15384615384615385
0.0
0.2692307692307692
0.1
0.14285714285714285
0.0625
0.07692307692307693
0.42857142857142855
0.0
0.15789473684210525
0.0
0.42857142857142855
0.17647058823529413
0.0
0.1111111111111111
0.0
0.047619047619047616
0.125
0.2727272727272727
0.375
0.16666666666666666
0.0
0.10526315789473684
0.07142857142857142
0.0625
0.25
0.21052631578947367
0.09523809523809523
0.2972972972972973
0.16666666666666666
0.35
0.0
0.0784313725490196
0.08163265306122448
0.14285714285714285
0.16
0.0
0.0
0.0
0.09803921568627451
0.3
0.11764705882352941
0.0
0.1111111111111111
0.0
0.09090909090909091
0.05555555555555555
0.10526315789473684
0.07692307692307693
0.16666666666666666
0.0
0.0
0.10638297872340426
0.0
0.1044776119402985
0.1
0.0
0.12
0.058823529411764705
0.38461538461538464
0.3125
0.07692307692307693
0.0
0.3
0.058823529411764705
0.05555555555555555
0.037037037037037035
0.05
0.0
0.038461538461538464
0.05405405405405406
0.0
0.03389830508474576
0.0
0.13636363636363635
0.05555555555555555
0.125
0.2222222222222222
0.0
0.0
0.1111111111111111
0.0
0.037037037037037035
0.16666666666666666
0.3
0.0
0.0
0.0
0.0
0.41379310344827586
0.0
0.3939393939393939
0.0
0.09090909090909091
0.0
0.0
0.17142857142857143
0.22448979591836735
0.25806451612903225
0.18181818181818182
0.0
0.17391304347826086
0.6
0.16666666666666666
0.0
0.2
0.0
0.020833333333333332
0.0
0.2
0.14285714285714285
0.23529411764705882
0.041666666666666664
0.19047619047619047
0.0
0.05
0.0
0.16666666666666666
0.034482758620689655
0.10909090909090909
0.14814814814814814
0.325
0.13953488372093023
0.2826086956521739
0.06060606060606061
0.2
0.0
0.023809523809523808
0.28125
0.12903225806451613
0.0
0.0
0.07575757575757576
0.0625
0.0
0.19047619047619047
0.07142857142857142
0.21428571428571427
0.16666666666666666
0.08695652173913043
0.02631578947368421
0.21052631578947367
0.42857142857142855
0.35294117647058826
0.0
0.045454545454545456
0.0
0.11538461538461539
0.05
0.09090909090909091
0.0
0.0
0.1
0.15151515151515152
0.14285714285714285
0.0
0.08333333333333333
0.1875
0.0
0.07692307692307693
0.2
0.0
0.0
0.0
0.0
0.15714285714285714
0.13333333333333333
0.06153846153846154
0.0410958904109589
0.09375
0.6666666666666666
0.13157894736842105
0.1794871794871795
0.0
0.05
0.0
0.0
0.21428571428571427
0.17142857142857143
0.2727272727272727
0.0
0.06896551724137931
0.0
0.2
0.0
0.6
0.2222222222222222
0.23076923076923078
0.0
0.0
0.0
0.0
0.0
0.47058823529411764
0.17647058823529413
0.07692307692307693
0.12121212121212122
0.0
0.38461538461538464
0.375
0.5
0.35714285714285715
0.16666666666666666
0.08
0.0
0.0
0.09090909090909091
0.0625
0.0
0.0
0.0
0.0
0.6666666666666666
0.0
0.1875
0.0
0.0
0.125
0.07142857142857142
0.3125
0.3142857142857143
0.14285714285714285
0.17391304347826086
0.5625
0.0
0.45714285714285713
0.4
0.02
0.0625
0.0
0.5882352941176471
0.4
0.6
0.0
0.11764705882352941
0.08333333333333333
0.0
0.07692307692307693
0.3333333333333333
0.0
0.12195121951219512
0.47058823529411764
0.0
0.07142857142857142
0.5882352941176471
0.17647058823529413
0.2222222222222222
0.0
0.0
0.0
0.17391304347826086
0.3333333333333333
0.13333333333333333
0.375
0.21739130434782608
0.16666666666666666
0.3333333333333333
0.0
0.0
0.15384615384615385
0.1724137931034483
0.19230769230769232
0.3333333333333333
0.16666666666666666
0.21428571428571427
0.25
0.0
0.2222222222222222
0.23809523809523808
0.0
0.0
0.07692307692307693
0.0
0.0
0.4166666666666667
0.5714285714285714
0.2857142857142857
0.38461538461538464
0.8333333333333334
0.0
0.15384615384615385
0.2926829268292683
0.07692307692307693
0.23529411764705882
0.38461538461538464
0.0
0.38461538461538464
0.1111111111111111
0.3333333333333333
0.0
0.46153846153846156
0.0
0.0
0.36
0.0
0.0
0.3125
0.15789473684210525
0.0
0.0
0.0
0.125
0.043478260869565216
0.0
0.0
0.5238095238095238
0.125
0.0
0.0
0.0
0.0
0.0967741935483871
0.3
0.4230769230769231
0.5333333333333333
0.42857142857142855
0.0
0.0
0.0
0.3333333333333333
0.625
0.0
0.0
0.16666666666666666
0.0
0.1111111111111111
0.5
0.5
0.4
0.0
0.3125
0.5833333333333334
0.1111111111111111
0.1111111111111111
0.19047619047619047
0.1111111111111111
0.25
0.03225806451612903
0.5714285714285714
0.0
0.15217391304347827
0.14285714285714285
0.0
0.1935483870967742
0.0
0.21428571428571427
0.0
0.21428571428571427
0.18181818181818182
0.0
0.3333333333333333
0.16
0.0
0.0
0.18181818181818182
0.0
0.8181818181818182
0.3
0.2972972972972973
0.0
0.1111111111111111
0.2857142857142857
0.0
0.18181818181818182
0.14285714285714285
0.125
0.0
0.0
0.2222222222222222
0.0
0.2222222222222222
0.0
0.0
0.08333333333333333
0.2631578947368421
0.4
0.3
0.0
0.08333333333333333
0.16666666666666666
0.058823529411764705
0.4
0.375
0.0
0.43478260869565216
0.4117647058823529
0.0
0.0
0.0
0.09090909090909091
0.0
0.0
0.047619047619047616
0.2692307692307692
0.0
0.35294117647058826
0.5
0.05
0.2903225806451613
0.0
0.0
0.1
0.23529411764705882
0.15151515151515152
0.09090909090909091
0.0
0.12121212121212122
0.75
0.125
0.125
0.5357142857142857
0.2727272727272727
0.6363636363636364
0.5
0.1111111111111111
0.47619047619047616
0.030303030303030304
0.3888888888888889
0.3793103448275862
0.1
0.7
0.4032258064516129
0.21428571428571427
0.6
0.45454545454545453
0.16666666666666666
0.0
0.4482758620689655
0.46153846153846156
0.12903225806451613
0.23333333333333334
0.19148936170212766
0.2
0.6666666666666666
0.25
0.125
0.21428571428571427
0.19047619047619047
0.0
0.3333333333333333
0.4444444444444444
0.2857142857142857
0.3333333333333333
0.5
0.5384615384615384
0.0
0.3333333333333333
0.058823529411764705
0.0
0.1111111111111111
0.1
0.17647058823529413
0.09090909090909091
0.52
0.0
0.2727272727272727
0.46153846153846156
0.26666666666666666
0.1111111111111111
0.06521739130434782
0.1111111111111111
0.5
0.0
0.2692307692307692
0.0
0.1875
0.3
0.36363636363636365
0.3
0.0
0.2542372881355932
0.45454545454545453
0.24
0.4375
0.4
0.2222222222222222
0.25
0.34146341463414637
0.14285714285714285
0.391304347826087
0.0
0.2857142857142857
0.3333333333333333
0.04918032786885246
0.3
0.06666666666666667
0.2
0.2222222222222222
0.3888888888888889
0.3783783783783784
0.18181818181818182
0.2727272727272727
0.17647058823529413
0.22
0.12
0.2608695652173913
0.23529411764705882
0.2857142857142857
0.39622641509433965
0.3
0.1111111111111111
0.2222222222222222
0.13432835820895522
0.045454545454545456
0.2
0.4
0.25
0.0
0.07692307692307693
0.3333333333333333
0.24
0.2222222222222222
0.5
0.6666666666666666
0.0
0.13043478260869565
0.23529411764705882
0.38461538461538464
0.23529411764705882
0.06666666666666667
0.22580645161290322
0.0625
0.5483870967741935
0.375
0.0
0.4375
0.0
0.16666666666666666
0.38461538461538464
0.4090909090909091
0.3
0.041666666666666664
0.2916666666666667
0.14285714285714285
0.24242424242424243
0.04
0.08695652173913043
0.08823529411764706
0.3333333333333333
0.30434782608695654
0.44
0.16666666666666666
0.5
0.2857142857142857
0.391304347826087
0.09090909090909091
0.0
0.3548387096774194
0.6875
0.0
0.23076923076923078
0.15384615384615385
0.09090909090909091
0.1590909090909091
0.0
0.0
0.42105263157894735
0.2
0.2
0.34375
0.4117647058823529
0.0
0.0
0.125
0.4827586206896552
0.18518518518518517
0.3125
0.47058823529411764
0.2777777777777778
0.34210526315789475
0.3333333333333333
0.26666666666666666
0.4444444444444444
0.19047619047619047
0.07142857142857142
0.1111111111111111
0.2
