0.03389830508474576
0.18556701030927836
0.18181818181818182
0.21428571428571427
0.3333333333333333
0.16129032258064516
0.2857142857142857
0.15294117647058825
0.10714285714285714
0.21052631578947367
0.0625
0.0784313725490196
0.25
0.09523809523809523
0.48
0.10606060606060606
0.3
0.15789473684210525
0.16666666666666666
0.0
0.0
0.09090909090909091
0.1111111111111111
0.09523809523809523
0.18181818181818182
0.18604651162790697
0.2857142857142857
0.5714285714285714
0.2631578947368421
0.3404255319148936
0.037037037037037035
0.07692307692307693
0.2571428571428571
0.15384615384615385
0.4473684210526316
0.0
0.17857142857142858
0.07692307692307693
0.2702702702702703
0.37777777777777777
0.1111111111111111
0.6
0.38461538461538464
0.38
0.0
0.2777777777777778
0.3076923076923077
0.25
0.09090909090909091
0.0
0.0
0.0
0.1836734693877551
0.2222222222222222
0.2222222222222222
0.1951219512195122
0.23809523809523808
0.0
0.6842105263157895
0.13043478260869565
0.20689655172413793
0.18421052631578946
0.2
0.23809523809523808
0.21739130434782608
0.25
0.24210526315789474
0.16666666666666666
0.34615384615384615
0.3333333333333333
0.1
0.0
0.17073170731707318
0.3333333333333333
0.25
0.0625
0.23529411764705882
0.2777777777777778
0.1111111111111111
0.14705882352941177
0.14285714285714285
0.13043478260869565
0.25555555555555554
0.2
0.17857142857142858
0.3333333333333333
0.3125
0.23529411764705882
0.5172413793103449
0.21052631578947367
0.4375
0.09090909090909091
0.42105263157894735
0.2222222222222222
0.3333333333333333
0.3611111111111111
0.30434782608695654
0.25
0.3103448275862069
0.25
