0.0
0.17391304347826086
0.0
0.03333333333333333
0.25
0.07017543859649122
0.08333333333333333
0.14285714285714285
0.06666666666666667
0.08163265306122448
0.2631578947368421
0.0
0.0
0.0
0.1
0.0
0.0625
0.11764705882352941
0.16216216216216217
0.21739130434782608
0.23076923076923078
0.0
0.0
0.16666666666666666
0.0
0.0
0.1
0.125
0.10416666666666667
0.058823529411764705
0.16129032258064516
0.23255813953488372
0.10526315789473684
0.0
0.0
0.17721518987341772
0.07142857142857142
0.23076923076923078
0.1323529411764706
0.0
0.3076923076923077
0.05263157894736842
0.0
0.0
0.3157894736842105
0.047619047619047616
0.0
0.13043478260869565
0.14285714285714285
0.26666666666666666
0.14285714285714285
0.05357142857142857
0.030303030303030304
0.06666666666666667
0.2727272727272727
0.0625
0.05263157894736842
0.34285714285714286
0.05
0.16
0.0
0.03571428571428571
0.0
0.0
0.14285714285714285
0.05263157894736842
0.0
0.1111111111111111
0.0
0.0
0.0
0.0
0.0
0.0
0.04
0.0
0.10204081632653061
0.10344827586206896
0.18421052631578946
0.16666666666666666
0.027777777777777776
0.2222222222222222
0.0
0.0
0.13636363636363635
0.0
0.11764705882352941
0.0
0.36363636363636365
0.1951219512195122
0.0
0.14583333333333334
0.0
0.04054054054054054
0.05263157894736842
0.05
0.2558139534883721
0.5
0.0
0.3409090909090909
0.0
0.0
0.12
0.08823529411764706
0.17391304347826086
0.0
0.0
0.05263157894736842
0.15384615384615385
0.2
0.35
0.0
0.25
0.0
0.09090909090909091
0.06666666666666667
0.0
0.13333333333333333
0.0
0.2727272727272727
0.1935483870967742
0.0
0.058823529411764705
0.0
0.09090909090909091
0.0
