0.17391304347826086
0.4117647058823529
0.0
0.2962962962962963
0.0
0.0
0.0967741935483871
0.0
0.26666666666666666
0.07692307692307693
0.0
0.11764705882352941
0.0
0.07142857142857142
0.0
0.0
0.3333333333333333
0.0
0.2571428571428571
0.18181818181818182
0.45454545454545453
0.0
0.1875
0.0
0.0
0.0
0.0
0.09090909090909091
0.2857142857142857
0.2
0.0
0.0
0.0
0.10526315789473684
0.2631578947368421
0.2413793103448276
0.0
0.16666666666666666
0.3333333333333333
0.0
0.0
0.0
0.06666666666666667
0.21428571428571427
0.3939393939393939
0.07142857142857142
0.11764705882352941
0.3125
0.06818181818181818
0.058823529411764705
0.0
0.0
0.1111111111111111
0.0
0.1724137931034483
0.1
0.0
0.17647058823529413
0.0
0.0
0.19444444444444445
0.125
0.05
0.0
0.0
0.017543859649122806
0.23076923076923078
0.09523809523809523
0.0625
0.07142857142857142
0.225
0.10526315789473684
0.10714285714285714
0.0
0.08
0.0
0.16666666666666666
0.45
0.18181818181818182
0.0
0.0
0.3125
0.0
0.3333333333333333
0.0
0.4
0.10810810810810811
0.07142857142857142
0.0
0.19047619047619047
0.08823529411764706
0.8333333333333334
0.0
0.2
0.0
0.058823529411764705
0.3333333333333333
0.08333333333333333
0.1111111111111111
0.125
0.0
0.21052631578947367
0.08333333333333333
0.29411764705882354
0.0
0.6666666666666666
0.0
0.0
0.0
0.07692307692307693
0.15789473684210525
0.0
0.0
0.0
0.0
0.0
0.0
0.14285714285714285
0.125
0.1
0.06666666666666667
0.05
0.0
0.5714285714285714
0.3333333333333333
0.2857142857142857
0.23529411764705882
0.36363636363636365
0.0
0.13157894736842105
0.3448275862068966
0.0
0.0
