0.0
0.125
0.041666666666666664
0.13513513513513514
0.125
0.0
0.0
0.37037037037037035
0.08333333333333333
0.2
0.10416666666666667
0.4
0.2777777777777778
0.2222222222222222
0.11864406779661017
0.3142857142857143
0.45
0.5
0.0
0.0
0.0
0.2857142857142857
0.1
0.0
0.13043478260869565
0.2857142857142857
0.2857142857142857
0.8571428571428571
0.3333333333333333
0.3125
0.4666666666666667
0.3333333333333333
0.125
0.0
0.2702702702702703
0.1111111111111111
0.13333333333333333
0.047619047619047616
0.3076923076923077
0.0625
0.3181818181818182
0.25
0.05
0.3333333333333333
0.15384615384615385
0.0
0.2692307692307692
0.1
0.14285714285714285
0.0625
0.07692307692307693
0.42857142857142855
0.0
0.15789473684210525
0.0
0.42857142857142855
0.17647058823529413
0.0
0.1111111111111111
0.0
0.047619047619047616
0.125
0.2727272727272727
0.375
0.16666666666666666
0.0
0.10526315789473684
0.07142857142857142
0.0625
0.25
0.21052631578947367
0.09523809523809523
0.2972972972972973
0.16666666666666666
0.35
0.0
0.0784313725490196
0.08163265306122448
0.14285714285714285
0.16
0.0
0.0
0.0
0.09803921568627451
0.3
0.11764705882352941
0.0
0.1111111111111111
0.0
0.09090909090909091
0.05555555555555555
0.10526315789473684
0.07692307692307693
0.16666666666666666
0.0
0.0
0.10638297872340426
0.0
0.1044776119402985
0.1
0.0
0.12
0.058823529411764705
0.38461538461538464
0.3125
0.07692307692307693
0.0
0.3
0.058823529411764705
0.05555555555555555
0.037037037037037035
0.05
0.0
0.038461538461538464
0.05405405405405406
0.0
0.03389830508474576
0.0
0.13636363636363635
0.05555555555555555
0.125
0.2222222222222222
0.0
0.0
0.1111111111111111
0.0
0.037037037037037035
0.16666666666666666
0.3
0.0
0.0
0.0
0.0
0.41379310344827586
0.0
0.3939393939393939
0.0
0.09090909090909091
0.0
0.0
0.17142857142857143
0.22448979591836735
0.25806451612903225
0.18181818181818182
0.0
0.17391304347826086
0.6
0.16666666666666666
0.0
0.2
0.0
0.020833333333333332
0.0
0.2
0.14285714285714285
0.23529411764705882
0.041666666666666664
0.19047619047619047
0.0
0.05
0.0
0.16666666666666666
0.034482758620689655
0.10909090909090909
0.14814814814814814
0.325
0.13953488372093023
0.2826086956521739
0.06060606060606061
0.2
0.0
0.023809523809523808
0.28125
0.12903225806451613
0.0
0.0
0.07575757575757576
0.0625
0.0
0.19047619047619047
0.07142857142857142
0.21428571428571427
0.16666666666666666
0.08695652173913043
0.02631578947368421
0.21052631578947367
0.42857142857142855
0.35294117647058826
0.0
0.045454545454545456
0.0
0.11538461538461539
0.05
0.09090909090909091
0.0
0.0
0.1
0.15151515151515152
0.14285714285714285
0.0
0.08333333333333333
0.1875
0.0
0.07692307692307693
0.2
0.0
0.0
0.0
0.0
0.15714285714285714
0.13333333333333333
0.06153846153846154
0.0410958904109589
0.09375
0.6666666666666666
0.13157894736842105
0.1794871794871795
0.0
0.05
0.0
0.0
0.21428571428571427
0.17142857142857143
0.2727272727272727
0.0
0.06896551724137931
0.0
