0.06521739130434782
0.15384615384615385
0.0
0.1111111111111111
0.6206896551724138
0.5416666666666666
0.14285714285714285
0.3
0.4
0.5
0.1111111111111111
0.25
0.0
0.45454545454545453
0.21153846153846154
0.0
0.1951219512195122
0.47368421052631576
0.0
0.375
0.2
0.0
0.6923076923076923
0.2
0.2222222222222222
0.0
0.05
0.56
0.7333333333333333
0.0
0.0
0.375
0.3
0.2857142857142857
0.125
0.0
0.0
0.0
0.21052631578947367
0.0
0.0625
0.16666666666666666
0.16417910447761194
0.14285714285714285
0.8461538461538461
0.4090909090909091
0.45454545454545453
0.0
0.4166666666666667
0.3181818181818182
0.16216216216216217
0.11764705882352941
0.5
0.3333333333333333
0.07142857142857142
0.0
0.06666666666666667
0.5714285714285714
0.5483870967741935
0.36363636363636365
0.32432432432432434
0.43478260869565216
0.0
0.20588235294117646
0.03125
0.2972972972972973
0.07692307692307693
0.4411764705882353
0.09523809523809523
0.45454545454545453
0.47058823529411764
0.4
0.0
0.0
0.36363636363636365
0.0
0.2
0.35294117647058826
0.391304347826087
0.14285714285714285
0.13636363636363635
0.05263157894736842
0.4642857142857143
0.10526315789473684
0.4117647058823529
0.4230769230769231
0.0
0.36363636363636365
0.058823529411764705
0.23529411764705882
0.4782608695652174
0.5714285714285714
0.40789473684210525
0.34782608695652173
0.375
0.5
0.17647058823529413
0.125
0.0
0.0
0.0
0.23076923076923078
0.05555555555555555
0.0
0.3333333333333333
0.3333333333333333
0.42857142857142855
0.2692307692307692
0.4
0.625
0.5
0.3
0.36363636363636365
0.0
0.18181818181818182
0.125
0.3488372093023256
0.22580645161290322
0.0625
0.3
0.16666666666666666
0.13333333333333333
0.36363636363636365
0.3333333333333333
0.08333333333333333
0.0
0.21428571428571427
0.39285714285714285
0.5625
0.2777777777777778
0.45454545454545453
0.6363636363636364
0.43478260869565216
0.0625
0.17391304347826086
0.14285714285714285
0.5666666666666667
0.43243243243243246
0.2
0.0
0.11538461538461539
0.0
0.1
0.2708333333333333
0.2222222222222222
0.1
0.0
0.29411764705882354
0.0
0.23076923076923078
0.044444444444444446
0.2777777777777778
0.0
0.2
0.2222222222222222
0.0
0.2777777777777778
0.5172413793103449
0.0
0.0
0.23529411764705882
0.12121212121212122
0.0
0.0
0.3333333333333333
0.6818181818181818
0.0
0.5
0.0
0.0
0.3157894736842105
0.19047619047619047
0.34615384615384615
0.0
0.0
0.0
0.16666666666666666
0.2
