5.149624129896502e-11
3.699218495967216e-06
0.22293849289417267
0.036226142197847366
0.0005634891567751765
6.722659122715413e-07
1.117780445980543e-08
0.07217155396938324
7.793923373355938e-08
2.300226320528509e-08
5.527894808565748e-10
2.396238207857948e-10
0.28271836042404175
8.549187668904779e-07
0.8172407150268555
1.0319541132730592e-07
0.9997685551643372
0.09521948546171188
1.0127935183845693e-06
9.97529383539586e-08
3.0601987610623382e-09
9.985088311736945e-10
4.079151949554216e-06
6.1388849559307346e-09
0.0018681775545701385
3.7863324564568757e-07
0.06127751246094704
0.986906886100769
2.127362108694797e-07
0.0006233220919966698
2.8895142349938396e-06
1.543420613536739e-09
0.9970154762268066
6.045926852493722e-07
0.0138354217633605
0.0007389138918370008
4.938538495480316e-06
5.2863189381469056e-09
6.429109362215968e-06
1.3056938769295812e-05
0.009549056179821491
0.9999980926513672
0.9998332262039185
1.4698679773328394e-10
7.868247564601916e-08
0.003047082806006074
0.003279866883531213
3.7366035599006864e-07
0.9913103580474854
2.4599310108897043e-06
0.22961775958538055
2.2943549282672393e-08
2.6262181318514877e-09
0.7520787119865417
0.1611843854188919
7.137892055197881e-08
0.00019760926079470664
1.9712855646503158e-05
6.814968401158694e-06
1.0905310682263192e-10
6.937865236977814e-06
3.723870989347233e-08
0.0010065750684589148
3.4777301038957376e-07
0.1176302507519722
3.4908545387679624e-08
0.002449827268719673
5.892302579013631e-05
3.161112999805482e-06
0.09337598085403442
2.7205038350075483e-05
8.05569055906119e-10
1.1317991682746609e-10
0.09108630567789078
0.5732500553131104
1.335000998636815e-09
3.4291261385988037e-07
0.025361113250255585
1.4941714532312744e-10
4.352456926426385e-06
0.0006059778388589621
4.318007427173143e-07
0.03205721452832222
2.605445160952513e-06
4.861122615551494e-09
0.0004393836425151676
0.004191950429230928
5.553047958528623e-05
0.9062644839286804
0.15591073036193848
0.9999920129776001
0.0264957994222641
0.9999994039535522
0.9711632132530212
0.019965562969446182
0.9999657869338989
0.012291503138840199
0.9999984502792358
0.9999587535858154
0.9994008541107178
0.86264568567276
2.7805148405946056e-08
1.5295037883333862e-05
0.9999998807907104
0.0005800679791718721
1.629517782930634e-06
1.9592325770645402e-06
0.9525461196899414
3.3910939691850217e-06
1.3879860816246037e-08
2.5143298998386854e-08
0.9990059733390808
0.9998666048049927
0.9964132905006409
0.9999949932098389
0.7928619384765625
0.0013196856016293168
0.03913099318742752
0.012466895394027233
1.555552262288984e-05
0.07235708087682724
0.02420714683830738
0.8168137073516846
0.9994826316833496
1.0665183403091305e-08
1.3247027652596444e-07
0.9994819760322571
0.9143400192260742
9.233683329057385e-08
0.9998821020126343
0.00028343606390990317
0.9999986886978149
0.00010244667646475136
0.9998354911804199
8.304856237373315e-06
1.537028219900094e-05
1.1639654928785603e-07
0.9831847548484802
1.2656270476085751e-10
3.1197600947052706e-08
0.955703616142273
0.4268069863319397
1.762639953994949e-07
0.00010592636681394652
0.4908379018306732
2.2258448950651655e-07
1.500232826856518e-08
6.151604736714944e-08
0.9994582533836365
0.9999942779541016
0.9999496936798096
0.9999994039535522
0.9699832201004028
0.134683758020401
1.533069564629841e-07
0.9929320812225342
0.9909957051277161
0.06242566183209419
8.860148170697357e-09
4.572060277041601e-07
0.800423800945282
0.9990622401237488
0.8440253734588623
1.4401149606158015e-08
0.9967244267463684
0.9999828338623047
0.9999997615814209
0.9900498390197754
1.442847175070483e-09
0.9999853372573853
3.469908551778644e-05
0.4928572177886963
0.000850376789458096
0.9999337196350098
0.00012557940499391407
4.022197401809535e-07
3.696933163155336e-06
0.6848354339599609
0.9913010001182556
0.9993515610694885
0.08354896306991577
0.29780903458595276
0.9999593496322632
0.9911620616912842
2.341937488381518e-08
2.059504851104066e-07
4.29299529258742e-09
0.9331242442131042
0.9999479055404663
0.06589128822088242
5.589499707525647e-08
1.545383838674752e-07
4.251713647818178e-09
0.9999974966049194
3.7067951780045405e-05
0.9908734560012817
3.118011093761197e-08
9.07551755968683e-10
3.0220337521313922e-06
8.283389252294882e-11
2.0092003978788853e-05
1.9392440719911974e-07
0.00035408526309765875
4.3267007754366205e-08
6.154782461464947e-09
9.55812993197469e-07
1.024793805370905e-09
8.357649494428188e-05
2.695444090150545e-09
9.233815934095446e-10
0.008578726090490818
5.667357859048816e-13
4.942680789099541e-07
0.9955698847770691
6.062219472369179e-05
8.003959237612435e-07
8.67046182975173e-05
4.0330169759350554e-10
2.9561624614871107e-07
0.9999806880950928
7.4996466992161e-07
0.9993374943733215
5.494847300724359e-06
0.9992247819900513
3.5171560739399865e-05
0.04235946759581566
0.03052285872399807
0.0021310821175575256
0.27465665340423584
0.9999978542327881
9.448161290492862e-05
5.212022188061383e-06
0.9998689889907837
0.723811149597168
0.9999375343322754
0.999704897403717
0.951898455619812
0.9966599941253662
0.9999662637710571
0.9999990463256836
0.9999955892562866
3.133678774247528e-06
6.571846711267426e-07
1.1298083996136299e-10
0.007078978698700666
4.4971393275972105e-10
1.242181895122485e-07
6.182050128700212e-05
0.9999991655349731
0.9997827410697937
0.9999936819076538
0.9998058676719666
0.5178684592247009
0.9948052763938904
0.9897359609603882
0.9996953010559082
0.40596044063568115
0.9037987589836121
3.6690775417902444e-11
2.125687075249516e-07
0.9999996423721313
0.046604227274656296
1.474397777201375e-06
0.999995231628418
0.9999018907546997
1.0817226439030492e-06
7.519534994671062e-10
7.386231118289288e-06
1.7888471148808094e-08
0.9890149235725403
5.272202088235645e-06
0.9991016387939453
0.9999817609786987
1.4292240280155966e-08
2.7134829938546545e-09
1.2073019250991024e-09
1.812277994339695e-09
0.0007392448605969548
3.3359622619855145e-08
5.726646463699581e-07
8.428482217714972e-11
1.4092891298389532e-09
3.0022402341955967e-09
1.5425848376438012e-09
1.223914303238871e-09
0.5955076813697815
7.334541418657636e-09
0.7142505049705505
1.5456003893632442e-05
4.82737005924605e-09
2.1020547524841504e-09
4.208518191717303e-07
2.6854736212555963e-09
4.202331547276117e-05
8.722975120001308e-11
5.8234222706232686e-06
0.03441387787461281
0.9921301007270813
0.6950685977935791
0.9671850800514221
0.15529558062553406
0.00018709358118940145
0.9942328333854675
1.6747857500831742e-07
2.7142970537852307e-08
1.5566097672989332e-12
0.9806861877441406
2.3590774844706175e-07
6.962877829863601e-09
4.8825064880020363e-08
0.9983443021774292
0.0616743341088295
2.733121959863638e-07
4.59411064746007e-10
0.6596283316612244
3.522855695337057e-05
1.9080898638890176e-08
7.91107481745712e-08
5.085610155219911e-07
1.5715071413069381e-06
9.106821607929305e-07
0.524641752243042
0.999816358089447
9.181449968309607e-06
0.9999997615814209
0.9999995231628418
2.4015929245280176e-09
0.9070613980293274
1.4627264732780532e-08
0.25081321597099304
8.819903314361e-07
0.0018596133450046182
8.139703311371704e-08
5.649736749546719e-07
3.080316446357756e-07
2.4391811237478578e-08
0.9999746084213257
1.1651798104139743e-06
5.158762306223252e-09
0.9612429738044739
0.19804146885871887
8.284039358841255e-05
0.00040207544225268066
5.0121878302888945e-05
1.6349160887330072e-06
1.3966814549348783e-06
1.943363372447493e-07
1.0226210179098416e-05
0.3444182276725769
7.0843815258569975e-09
2.580405634944327e-06
6.901412064053147e-08
3.746849358554627e-11
1.6962875548642842e-08
4.192996857455e-05
4.182997415114187e-08
0.004258268978446722
3.769441647705207e-08
0.9995948672294617
1.2068282373434158e-08
9.196242878317662e-09
9.734009154271916e-10
6.342346092758078e-10
5.936413072049618e-05
2.677631449898854e-10
4.2581429937627036e-08
0.00024140026653185487
0.1777045577764511
2.0396664694999345e-06
0.984570324420929
2.2626132079039962e-08
0.9996964931488037
0.998670220375061
5.303632377717804e-08
0.8877743482589722
3.2215357048670512e-09
1.2420019857017905e-07
7.563681347910745e-10
8.406458862353361e-10
0.001950285630300641
4.275867215852713e-09
0.9881296157836914
2.7249360101677667e-08
1.0445277975890122e-09
3.4004656299657654e-06
0.9999939203262329
0.0008513408247381449
0.543531596660614
0.05930289998650551
1.96775804539584e-08
0.9998736381530762
0.6663803458213806
0.023940907791256905
2.245707797499108e-08
5.070740371593274e-06
0.00012179074110463262
2.5146514204266168e-08
8.923131677995855e-10
0.9779004454612732
7.227139576571062e-06
2.8695779974441393e-07
0.03441387787461281
0.000360787205863744
3.771877477021235e-09
0.024841630831360817
8.848288768348311e-10
2.3173315639724024e-06
1.9113208509224933e-06
0.8596037030220032
0.999711811542511
0.9999970197677612
1.5434148735948838e-05
2.914788588270767e-08
0.0027697391342371702
0.376858115196228
5.038253334532783e-07
6.234844196484346e-09
0.929588258266449
0.9999977350234985
0.39229461550712585
1.296309761755765e-07
2.0088188534828078e-07
0.000981904100626707
1.3037200208287913e-09
0.9999803304672241
1.4325667052617064e-06
0.001451222924515605
0.009666837751865387
8.025476176953816e-07
1.2474331470002653e-06
0.0017164682503789663
9.15504827503355e-08
0.9999443292617798
0.9985852241516113
8.107521409783658e-08
0.9723724126815796
0.9997135996818542
0.9999731779098511
0.9933925271034241
0.9999485015869141
0.9999743700027466
9.256126531909104e-09
0.9999927282333374
5.419290571850865e-10
0.26993435621261597
0.2754804790019989
4.079687254687769e-09
0.9997283816337585
0.999997615814209
0.7421136498451233
0.9999758005142212
0.9978464841842651
0.9997240900993347
1.2872770557836866e-11
0.9673582911491394
0.9998904466629028
7.747047493467107e-05
0.9999191761016846
0.30959177017211914
1.5257215491004672e-09
0.0008662764448672533
0.04066089168190956
0.17017090320587158
0.011176264844834805
0.4151405692100525
0.0012276247143745422
0.006051923613995314
0.0021121797617524862
0.9999991655349731
1.4985969798431142e-08
0.999032735824585
1.2797687531929114e-07
2.963809322409361e-07
0.999998927116394
0.9999630451202393
0.9999885559082031
0.0013057994656264782
0.9999946355819702
6.721889462824038e-07
7.989346073600245e-09
0.0002800261718221009
0.9999905824661255
0.9999814033508301
0.9999797344207764
0.9999725818634033
1.8485271979784557e-08
0.9999953508377075
0.003353354288265109
0.9999349117279053
3.466207374458463e-07
0.9870534539222717
0.9997684359550476
0.223735511302948
0.8066310286521912
0.999460756778717
0.9989443421363831
1.2449690700577776e-07
2.2655709472019225e-05
3.2040037289959855e-09
4.2999199756366124e-09
0.99998939037323
0.9999969005584717
0.9874603748321533
0.99993896484375
0.0016328799538314342
0.5756038427352905
0.9988806843757629
1.1701644098138786e-08
1.2991504263482057e-06
0.9982910752296448
0.9867668747901917
0.016748234629631042
0.9998124241828918
4.732518391392659e-06
6.52378773224882e-09
0.9999959468841553
0.6698833703994751
0.987878143787384
0.9998190999031067
3.4917277957902115e-07
3.886030299327103e-06
0.9999939203262329
0.9953621029853821
0.9998416900634766
0.9968619346618652
1.048525405167311e-06
0.00042849694727919996
0.9998082518577576
0.9549486637115479
0.5460277795791626
5.128603763893125e-09
0.0885809063911438
0.9999964237213135
0.0032371999695897102
0.013651362620294094
0.0019446930382400751
0.9999985694885254
0.999402642250061
0.9999878406524658
5.412570089902147e-07
0.00013855486758984625
0.9989427924156189
0.06453961879014969
5.042204520577798e-07
0.695260763168335
0.9995536208152771
0.9999994039535522
0.9999960660934448
0.99154132604599
0.0002730526030063629
4.802137482329272e-06
1.0
1.0676869351300411e-05
0.6974760890007019
0.0014178486308082938
0.9879190325737
0.9999865293502808
5.990912086417666e-06
0.9999998807907104
0.9999983310699463
0.013695086352527142
0.9886059165000916
0.9646162986755371
0.9999998807907104
0.9996426105499268
0.9466612935066223
0.9879040122032166
0.9999978542327881
2.561441306170309e-06
0.9937466382980347
1.5212551716103917e-06
4.5246308921775835e-09
0.9997953772544861
0.9997159838676453
6.253149109625156e-09
0.8444239497184753
0.05784275755286217
1.5074668624492915e-08
0.9075726866722107
0.9999988079071045
0.6043062210083008
0.9986233711242676
0.995031476020813
0.9999829530715942
1.0
0.9988346695899963
0.9999924898147583
0.9974321722984314
0.9994025230407715
1.763243017194327e-05
0.8235785365104675
0.9999762773513794
0.6634789109230042
3.0930383587701726e-08
0.9999943971633911
6.650949444519938e-07
0.999984860420227
0.9962199330329895
0.9962840676307678
0.9999943971633911
0.47051507234573364
0.00022092608560342342
0.01403160858899355
0.13179776072502136
0.966316282749176
0.03154285252094269
0.9996168613433838
0.9797334671020508
0.992388129234314
0.10513177514076233
0.9965452551841736
4.668057954404503e-05
0.9971922039985657
1.6394752719861572e-06
5.909194467079715e-09
1.311480809818022e-05
5.074972068541683e-05
0.0005730395205318928
0.37346163392066956
1.78540671136318e-09
0.9939712882041931
3.175844309755149e-10
0.1523948311805725
0.5747513771057129
7.240996779955822e-08
2.7845095473821857e-07
3.5301998195791384e-06
1.1145519238198176e-05
0.9999909400939941
3.886795774121765e-09
2.964677614514244e-09
6.0424675041304e-08
2.7564545090896786e-10
1.3672329259861726e-05
0.5875920057296753
6.080045295675518e-06
0.07672716677188873
5.575780505751027e-06
3.3272651762672467e-06
0.002035169629380107
0.9668253660202026
2.0215658480537968e-08
3.144572474411689e-05
0.0010541952215135098
0.3539997637271881
7.57735540979354e-10
3.346943699966687e-08
6.537074215273719e-10
7.463994734280277e-06
6.743219871374606e-10
1.0914263937067403e-09
0.9323769807815552
9.654100630029916e-09
7.672493196331232e-11
0.999921441078186
0.003952132072299719
0.00015456383698619902
2.749000360680043e-09
7.832587471057195e-06
0.9999641180038452
3.089248995502558e-11
8.474703161454045e-10
4.324982150194501e-09
4.65765648272054e-09
0.0001683094451436773
1.1673422228852814e-08
0.15926861763000488
0.9851548075675964
0.9997910857200623
4.834624292016088e-07
1.5621859361658608e-09
1.997968865907751e-07
4.788220930862508e-10
7.448054617498201e-09
3.1965537855560555e-11
0.0001271222863579169
1.6491712528932112e-07
1.6024984117457564e-10
0.0060905409045517445
1.3633850493022237e-08
1.4550275409419555e-05
0.0001981566019821912
8.056281330937054e-08
2.4137543519486826e-08
1.2322095699346391e-07
7.027427084693727e-09
4.4538344809552655e-05
0.0002663506311364472
4.33233049434989e-09
0.015497935935854912
1.8806098523782566e-05
6.378646943971944e-09
0.862089216709137
8.720459732103336e-08
7.871276075377409e-09
0.9999994039535522
0.9999382495880127
4.7930202029533575e-09
0.001294764457270503
1.2138686722451553e-09
0.006828409153968096
0.9850115776062012
0.76503986120224
0.05897989869117737
1.5717327883635335e-08
1.7007514543365687e-05
3.857409058838357e-09
4.363747621027869e-07
1.1756413551000655e-11
3.1596474325823465e-09
1.1460024929021984e-08
2.2832567992736585e-05
4.0966039588363756e-11
1.826756852096878e-05
3.2412049222330097e-07
0.9998421669006348
0.009674198925495148
8.234932874495726e-11
1.0083042845110413e-08
2.7566121607591754e-10
0.02717452682554722
4.864018876560294e-08
0.9201400876045227
5.4523261496797204e-05
0.0003505662316456437
6.1527170025499345e-09
0.9865199327468872
0.0005116800894029438
2.2293542656370846e-07
5.1716888265218586e-06
1.2928104808906937e-08
0.900642991065979
0.0025126617401838303
8.35341852507554e-05
0.9695303440093994
1.5196305325204662e-10
6.366501215104847e-10
7.648841005014617e-10
3.490382027848682e-08
0.49077293276786804
0.0017701319884508848
0.003311374457553029
7.4550448516674805e-06
8.189284562831745e-05
2.6123759155893822e-08
9.457946648083748e-10
4.586766522152175e-09
1.5150729559820775e-09
0.9999994039535522
0.9993578791618347
2.1088163160154494e-10
0.477272629737854
0.9997028708457947
0.5142982006072998
1.3301073522598017e-06
0.00014045335410628468
0.9995399713516235
8.609259971592564e-10
0.8720173239707947
0.000221492417040281
0.9999703168869019
2.5091016141232103e-05
0.9603121280670166
7.518280398244315e-08
1.289630291445576e-09
1.7143713115785886e-09
8.268807860645211e-10
5.223250241215283e-07
0.0035231790971010923
7.949839897491984e-09
2.64521304416121e-07
0.004325864836573601
8.835528433337458e-07
0.019310392439365387
0.9999794960021973
2.774407619199337e-07
0.9297815561294556
3.585394370020367e-05
0.9962109327316284
1.1348009820721927e-07
0.9997549653053284
0.00031920630135573447
5.545102137877178e-12
1.915129388407877e-09
0.3002355396747589
6.935970908727995e-09
0.010885516181588173
0.9900774955749512
0.11503364145755768
1.0288317420226178e-10
1.1169519302522968e-11
7.044742034167939e-08
5.241611233941512e-06
0.1732502579689026
0.00012751368922181427
2.417781708174971e-08
9.522604926814893e-10
0.9127548933029175
1.492908836553397e-07
3.7679426245773584e-10
0.0069962977431714535
0.00015297153731808066
0.00039451694465242326
0.001649838755838573
1.3294007006336983e-09
2.068126832455164e-06
0.5220420956611633
9.222749213222414e-06
5.730100127721016e-08
4.0927250211098e-07
2.0898502043564804e-05
5.0146780949944514e-08
0.8254079818725586
1.911906633011995e-09
4.982754398952238e-05
0.9625511169433594
7.418099994538352e-05
0.9998729228973389
0.9999969005584717
0.07440105825662613
7.154765739869617e-07
0.9999984502792358
0.005994490813463926
3.7107656680746004e-06
0.0024434784427285194
0.9999991655349731
0.0015111449174582958
4.137125309000567e-09
0.0019318516133353114
9.521241008769721e-05
0.001855857321061194
0.9999570846557617
0.9999997615814209
0.9995211362838745
0.0077821966260671616
2.01914963326999e-06
0.9993828535079956
1.9069138943450525e-05
1.0955127471845572e-08
0.8970214128494263
3.002967430276726e-09
0.011668315157294273
0.40248626470565796
0.9999650716781616
4.754133531292837e-09
0.0008165159379132092
1.7941733654325276e-09
0.054179854691028595
2.3632336976220358e-08
0.9962611794471741
0.9996854066848755
1.9492595981773775e-08
6.30239194165938e-11
0.9985687732696533
0.002063017338514328
0.0001299758005188778
3.2612079703397967e-09
0.006227129604667425
0.9918529391288757
2.0836851035710424e-05
2.5534919245728815e-07
1.2198095646454021e-05
4.689009944214284e-11
0.0019430704414844513
0.9999790191650391
0.00041296970448456705
6.349647918568735e-09
0.026838960126042366
2.243989660755119e-09
2.9246438604246805e-09
1.4139962978276799e-08
1.6055097251665984e-09
0.007099204231053591
2.18701003973365e-08
8.700805665284861e-06
5.9264864127328565e-09
1.929016502089098e-09
2.725793812885513e-08
0.0006843424635007977
0.5577290654182434
0.9976262450218201
0.025685133412480354
0.999997615814209
0.00429298123344779
0.0016572190215811133
0.9788128137588501
0.01826065592467785
0.9999996423721313
4.360652496870898e-07
0.9975866079330444
0.5470744371414185
0.9981756210327148
0.9999905824661255
3.519134289531323e-11
0.008416618220508099
2.5493325665593147e-05
5.993295530970499e-07
0.03495818376541138
0.7775854468345642
5.037854577949474e-10
2.0522536487987963e-06
0.9999152421951294
2.7357607450539945e-06
1.755734757580285e-07
0.9794045686721802
4.2991243390133604e-05
0.0035156388767063618
4.6898494474589825e-06
0.8194077610969543
0.01605226844549179
0.04486002027988434
0.6271414756774902
1.527912900201045e-06
0.0015013795346021652
1.0511376657973415e-08
3.119682151009329e-05
2.1303163677544035e-09
0.9999243021011353
1.202368366648443e-06
1.235574200109113e-05
3.2792522688396275e-05
0.9797853827476501
0.12916439771652222
1.8975049442815362e-06
0.0024102721363306046
4.277584594092332e-06
0.0003929270606022328
1.9803278519248124e-06
0.05583525449037552
0.9992142915725708
1.6239999240497127e-05
6.9866645802108e-09
2.3225388190439844e-07
1.1375136388380724e-08
0.999998927116394
0.7249048352241516
0.9642326235771179
0.9699156880378723
0.999144434928894
0.005988695193082094
2.9595096293633105e-06
0.9999651908874512
0.999997615814209
0.0006995931034907699
0.0022934668231755495
0.9999992847442627
0.0017144008306786418
0.9554812908172607
0.9992024302482605
0.14988383650779724
0.9951947331428528
5.162131344604859e-08
0.9997490048408508
0.9999991655349731
0.999991774559021
0.0007877856842242181
0.9972414970397949
0.004062251187860966
1.273202343554658e-07
3.952533916162793e-06
0.001942624687217176
1.3060308390322461e-07
0.20047226548194885
0.9999532699584961
1.1075957445427775e-05
0.9999957084655762
0.9794756770133972
2.2319079562294064e-06
0.003245423547923565
0.9999809265136719
0.9993064403533936
0.2701452374458313
0.021993255242705345
0.9999983310699463
0.2677476704120636
0.9999868869781494
0.9561884999275208
0.9997394680976868
0.8565349578857422
0.9971352815628052
0.8745208978652954
5.351183940405235e-09
0.994469165802002
0.9999598264694214
0.994057297706604
1.0491167046211558e-08
0.9991356730461121
0.9999995231628418
0.9995088577270508
0.9999109506607056
0.9872384071350098
1.367675253050038e-07
5.769823837908916e-05
2.0447934900857945e-07
0.9989226460456848
0.006451842840760946
0.9970223307609558
0.966249406337738
0.991679847240448
0.18386976420879364
0.001988588133826852
1.0293116581294726e-08
2.0280017452023458e-06
0.5242575407028198
0.4800926744937897
3.426226840019808e-07
0.0019594570621848106
8.416135824518278e-05
0.024470342323184013
0.9985744953155518
0.999322772026062
0.0032734537962824106
0.00011024220293620601
4.203698699711822e-05
0.99996018409729
6.610337095480645e-06
0.9915383458137512
0.8894695043563843
0.9954496026039124
0.0005994230159558356
0.07207535952329636
0.9537973999977112
0.9820787310600281
0.9994327425956726
0.02044610120356083
0.9916865229606628
4.672206443956384e-08
1.0
0.5520942211151123
0.00020897491776850075
1.3858797442978243e-09
0.03630213811993599
0.9998261332511902
0.8834120631217957
0.9999994039535522
0.9998401403427124
0.9999091625213623
0.9814644455909729
0.988315224647522
0.9982525706291199
0.4670107066631317
0.9996541738510132
0.4814479351043701
0.23653173446655273
0.014987178146839142
0.975918710231781
0.9993302822113037
0.8041315674781799
0.9310706853866577
0.9448925852775574
0.00015902315499261022
0.19344009459018707
0.34333422780036926
0.9999982118606567
0.9999887943267822
0.999968409538269
0.9926446676254272
0.9934661984443665
0.003480303566902876
0.9997643828392029
1.0726102317448749e-07
0.9832684397697449
0.9964435696601868
0.9999997615814209
1.3225976545072626e-05
2.630012545523641e-07
5.180669973015029e-07
0.0007905030506663024
0.9999890327453613
0.10863076150417328
0.9999668598175049
5.921290721744299e-06
0.0011012941831722856
0.999996542930603
0.9895133376121521
2.261331246700138e-05
0.13482174277305603
0.8057289719581604
0.999873161315918
0.9999934434890747
4.81148845210555e-08
0.9999953508377075
0.999620795249939
1.2514230718352337e-07
1.038721893564798e-05
0.9975479245185852
0.9042644500732422
0.9999943971633911
0.00021218476467765868
0.22247277200222015
0.9967573285102844
9.000963473226875e-06
0.9999465942382812
0.016421867534518242
2.398911291834338e-08
0.9885320663452148
0.9994679093360901
0.9993010759353638
0.032458022236824036
0.0010276043321937323
3.015233914993587e-06
3.6901921518506242e-09
1.4595187280974642e-08
0.11910063028335571
9.613335821834212e-11
1.3543337562538227e-09
0.8785404562950134
0.0005432229372672737
0.0016948484117165208
2.9680739643822562e-08
3.805663340017418e-08
0.018093138933181763
8.082328690761642e-07
0.0024535611737519503
0.9999990463256836
0.013066146522760391
3.703052753323277e-09
0.03446817770600319
0.9998868703842163
0.9999961853027344
0.0002503268187865615
6.564219347637845e-06
1.8914387833746105e-09
4.456998325963468e-09
0.9534721374511719
0.00017621490405872464
0.20494021475315094
0.9990473389625549
1.3417043192021083e-05
0.04232015088200569
4.5245516957947984e-05
0.8825109601020813
2.7502046577865258e-05
0.9999998807907104
0.016189515590667725
8.647951472084969e-05
0.9996267557144165
0.9998854398727417
5.0504753744462505e-05
0.01421490591019392
0.9992812275886536
1.3400099874161242e-07
2.0750225981913673e-09
0.9999990463256836
0.9999998807907104
0.00019581093511078507
0.00014511925110127777
1.3393864151112211e-07
0.6740709543228149
1.565144458481882e-07
7.307810467871434e-10
0.9996339082717896
1.2116780911952674e-09
2.1335031306080054e-06
0.9997405409812927
0.00021414016373455524
0.980137050151825
1.7828162557353977e-10
0.0006210221908986568
0.996749997138977
1.4622968613764442e-08
0.9995253086090088
1.7443555577756342e-07
6.735616352671059e-06
0.9632071852684021
1.1292931958450936e-05
0.10224336385726929
0.04051532968878746
0.9997912049293518
0.09561968594789505
3.167124518199671e-08
9.050456384329664e-09
0.025723079219460487
0.9506033658981323
0.00022207519214134663
0.9999064207077026
0.9155313372612
0.9999995231628418
1.021597540784569e-06
4.757184342452092e-06
0.9978439807891846
0.9999996423721313
0.3194286823272705
8.239312165869705e-08
0.9999991655349731
0.002001125831156969
0.007686370983719826
2.5339679268654436e-05
0.27236852049827576
0.9998149275779724
1.511952376631598e-07
1.1931366543649347e-06
0.02232620120048523
0.26200518012046814
1.457156713513541e-06
0.000344185798894614
0.43812301754951477
5.288999238572956e-10
1.2628202650244447e-10
0.19961288571357727
2.3863581191108096e-06
9.2472947699207e-07
4.5633480993956255e-08
5.523639323712359e-09
4.1722085342144055e-08
0.8944150805473328
0.9999997615814209
0.9999574422836304
2.0232042707846176e-09
3.07966381285496e-08
0.6790745854377747
0.9143247604370117
7.031089626252651e-05
0.03164339438080788
0.9999995231628418
1.6554538850854783e-09
8.48934541863855e-06
0.016329187899827957
9.218462218996137e-05
2.2601495857088594e-06
4.5090460254471054e-09
0.2548803389072418
0.00016688909090589732
0.9998714923858643
5.073415650258539e-06
5.061134622508234e-09
1.8255423128721304e-06
0.00024140856112353504
2.4764025852164195e-07
7.368793908391069e-10
0.7539780139923096
0.9999994039535522
0.9932542443275452
0.9999765157699585
6.167970667547706e-08
2.1068860860395944e-06
0.999128520488739
5.519528713193722e-05
0.7020581960678101
1.4200594478097628e-06
0.9998416900634766
5.4996285143715795e-06
3.9454394595850317e-07
0.9946080446243286
6.387707429666989e-08
1.2131603455145523e-07
7.235984185172128e-07
5.425697935379503e-08
0.9860005974769592
0.2855018973350525
1.5711879086666158e-07
2.4185038682844606e-07
0.9998170733451843
0.7899492979049683
0.00044638238614425063
0.5461698174476624
0.843837559223175
5.4045915021561086e-05
8.302949936478399e-07
3.21262382385612e-06
0.9491842985153198
1.735287696646992e-05
4.147799437248523e-09
1.1454648785047539e-08
0.3557547926902771
1.5753764515125113e-08
0.9707751870155334
0.9986534118652344
0.996493399143219
0.9819360375404358
0.9995007514953613
0.9997654557228088
0.8935147523880005
1.1022007306848991e-08
1.1150377758895047e-05
0.9967772364616394
0.7805401682853699
0.9999997615814209
0.9924633502960205
6.432279042201117e-05
0.7749958038330078
0.10599861294031143
2.8445019779610448e-06
0.9998723268508911
0.9999984502792358
0.9318959712982178
7.822187035344541e-05
0.4682462215423584
0.13406182825565338
0.9999991655349731
0.7483550906181335
0.02612726204097271
2.2695176293829888e-10
9.851003596850205e-06
0.8941379189491272
9.558808500287341e-08
0.9927549958229065
0.9245203137397766
6.423658827081624e-10
0.994460940361023
0.00012293783947825432
0.9324193000793457
0.9903901815414429
0.4255545735359192
0.9999997615814209
2.6438289335573018e-09
1.058467387338169e-05
2.7050127755501308e-05
2.1500959235254413e-07
8.337816552739241e-07
0.00716148316860199
1.3508154594887856e-08
0.272597074508667
6.038095579086189e-10
1.558963731440599e-07
0.5516043305397034
0.00025043447385542095
0.9999998807907104
0.9508594870567322
0.9993081092834473
0.9323816895484924
0.0005370444850996137
0.9996151924133301
7.937326245155418e-07
0.44102782011032104
0.07197079062461853
0.9999998807907104
0.38244473934173584
1.299582521596676e-07
0.9532695412635803
0.05296491086483002
0.9999150037765503
0.9999727010726929
0.0007468007388524711
0.9991395473480225
0.9995500445365906
0.11965502053499222
2.613602703149809e-07
0.9998076558113098
0.9837104082107544
0.999860405921936
0.9999761581420898
1.5246227391685352e-08
0.11925504356622696
0.0001769020891515538
0.01155563723295927
0.0011911659967154264
0.8147743344306946
0.9998114705085754
1.7637710698181763e-05
1.9886963855242357e-05
0.3429311513900757
0.998831570148468
0.9728173613548279
2.273909984751299e-07
0.9974743723869324
0.0007013013819232583
0.0016736375400796533
1.2269613762327936e-05
0.9989436268806458
8.413195695666786e-10
0.03717033565044403
0.002149041509255767
0.008311882615089417
0.7678967118263245
3.415541627305174e-08
0.999992847442627
1.1143340472585805e-08
0.30787524580955505
6.004152965033427e-06
0.9999978542327881
0.9999353885650635
0.9999079704284668
0.9950359463691711
0.11123181879520416
0.9917607307434082
0.0005655985441990197
0.9999873638153076
0.9294367432594299
0.9999994039535522
0.008731989189982414
0.0023518181405961514
0.9999570846557617
0.9512513279914856
1.0575748774499516e-06
0.9832769632339478
0.9648186564445496
0.9939550757408142
0.9999984502792358
1.9216602140659234e-06
0.0031221965327858925
0.9999477863311768
0.9994341731071472
0.9999994039535522
7.225182343972847e-06
0.9999972581863403
0.04894816130399704
0.00016523724480066448
9.581389895174652e-05
0.946355938911438
0.23655232787132263
0.1746281385421753
0.9558767676353455
0.10708730667829514
0.489567369222641
1.0
0.9999982118606567
0.009765949100255966
0.00010136019409401342
0.9354658126831055
9.746451562486769e-11
0.999919056892395
0.9966754913330078
1.2452802366169635e-05
2.7597120144662313e-09
0.9999690055847168
0.9999892711639404
3.6078465200262144e-05
1.4084703181538316e-08
0.9995118379592896
2.496439810784068e-05
0.9999998807907104
0.9995947480201721
0.9997925162315369
0.9999986886978149
0.9999967813491821
2.3514810720826063e-07
0.0604410283267498
0.997907280921936
0.16787850856781006
6.6944743082331115e-09
0.9960178732872009
0.9940345883369446
0.006470941007137299
0.9804978370666504
0.9999971389770508
0.06869491934776306
1.3256543240913743e-07
1.895090281323064e-05
4.055213139508851e-05
0.999996542930603
0.4430009424686432
0.00020163781300652772
0.9998834133148193
0.4477207362651825
6.52409071335569e-05
5.964330398455786e-07
0.03202030062675476
0.013216427527368069
0.9999984502792358
0.9949377775192261
0.9513260126113892
0.9933755993843079
0.9999804496765137
0.9998704195022583
0.007842612452805042
0.4105605185031891
0.0004782397882081568
0.9998342990875244
0.008757566101849079
0.6303322911262512
8.422028622590005e-05
0.9993242025375366
0.00025000577443279326
3.6655092117143795e-05
9.404844680815927e-10
0.0048339031636714935
0.9999949932098389
2.9745956808824303e-09
0.0004172524786554277
0.1323849856853485
0.024421920999884605
1.2324379895289894e-05
0.9999943971633911
0.9999628067016602
0.9999924898147583
1.081069740394014e-06
0.9998233914375305
0.9999984502792358
0.9999953508377075
6.058321844193415e-09
1.0
0.8851868510246277
0.9999717473983765
0.9999558925628662
4.49396793555934e-06
0.9959480166435242
0.9958064556121826
1.5539296238653577e-10
0.010913969948887825
3.7765733651440314e-08
3.2495236723661947e-08
2.2831821411273268e-07
0.004642136860638857
0.9994818568229675
5.928783593844855e-06
7.165234516826047e-10
2.912068521254696e-05
3.6391742952446293e-09
0.5324716567993164
0.0011808358831331134
2.64098866864515e-06
0.00014256051508709788
0.9999510049819946
0.00010879363981075585
0.9999834299087524
2.534928285058413e-07
0.8304039835929871
0.10928039997816086
8.348769370059017e-06
0.12529301643371582
1.8072206557917525e-06
1.5820481849004864e-06
0.9851030707359314
0.9858961701393127
1.6210806919048082e-08
5.19998991421744e-07
0.0005734332371503115
0.9739998579025269
4.7666686441516504e-05
4.137001781145955e-07
0.9948307871818542
0.7998702526092529
1.06375173345441e-05
0.4344082176685333
2.836854946508538e-07
0.8247435092926025
5.796499317511916e-05
0.9839383959770203
7.76827619120013e-07
2.740221383135122e-09
0.9999996423721313
0.1797109842300415
1.5048101431602845e-06
3.889092567987973e-06
0.7942948341369629
0.19468706846237183
1.6434023919487117e-08
7.939974899784374e-09
1.9267318296378733e-10
1.6815755898846874e-08
1.9200393808205263e-07
1.5741201764285506e-07
0.0015098482836037874
1.3713384760194458e-05
4.7417568538321575e-08
0.04028555378317833
0.002252824604511261
1.377916669298429e-05
0.9970600008964539
9.33835417527007e-06
0.9971396923065186
0.010823705233633518
0.9999970197677612
0.9999933242797852
0.9993981122970581
0.9991342425346375
0.9999551773071289
0.15817418694496155
0.9999974966049194
0.14344380795955658
1.729337418510113e-05
0.9913245439529419
0.7560230493545532
8.835606422508135e-05
0.9999661445617676
8.430777853618565e-08
0.9909145832061768
0.4929791986942291
0.001274644280783832
1.0
0.999484658241272
0.997675359249115
7.62115596444346e-05
0.9997156262397766
0.9999967813491821
0.21629251539707184
0.00019722394063137472
0.0010226735612377524
8.639416293476643e-09
0.21099285781383514
0.9995447993278503
7.452001238306138e-10
0.9880397915840149
0.00014245318016037345
1.4243603345676092e-06
0.9938178658485413
0.009284029714763165
5.086085508310134e-08
0.003409460885450244
0.8409797549247742
0.3461226224899292
0.6652734279632568
0.9784507751464844
0.9992844462394714
2.399644699835335e-06
0.9760786294937134
0.9999927282333374
0.9991193413734436
3.797336148636532e-06
0.9999954700469971
7.364757038885728e-05
0.9999212026596069
0.9992094039916992
0.9999507665634155
5.78188628423959e-05
2.3065429566315743e-09
2.123840204149019e-06
0.9894089698791504
1.1238967090321239e-05
0.9932049512863159
0.2670234441757202
0.32245394587516785
0.9997647404670715
0.9994489550590515
0.9999818801879883
0.0624004490673542
0.9947124719619751
0.5693738460540771
0.009722745046019554
0.9999051094055176
0.9954485297203064
0.9849554896354675
0.8003805875778198
0.9757212400436401
0.99882572889328
0.5358110666275024
0.00023195298854261637
0.999921441078186
0.9999939203262329
0.0014576390385627747
0.9841954708099365
1.1714746506186202e-05
7.490826448020016e-08
0.00013390867388807237
0.9996324777603149
0.13393482565879822
2.137685299885561e-07
0.9997119307518005
0.9999809265136719
3.109014141955413e-05
0.5862650275230408
0.9998366832733154
0.9980403780937195
0.9998506307601929
0.9999673366546631
0.987062394618988
0.026228968054056168
0.8072341680526733
0.005438171327114105
0.9992566704750061
0.9825378060340881
0.003537783632054925
0.0006210280698724091
0.9999188184738159
0.7793855667114258
2.153187324438477e-06
0.9999985694885254
0.9999986886978149
0.011826536618173122
0.9999955892562866
6.382303581631277e-06
0.004790252074599266
0.012758119031786919
0.9986257553100586
0.973987877368927
0.9999849796295166
0.9963209629058838
4.089565575071674e-09
0.9999996423721313
0.9999998807907104
0.041334882378578186
0.9999852180480957
6.042121469818085e-08
0.9417808651924133
0.9999991655349731
0.9601192474365234
0.6388987898826599
2.56567261658347e-07
0.8311637043952942
0.9900582432746887
0.9997650980949402
0.0946766808629036
0.9761748313903809
9.610274381843809e-11
2.3565055471408414e-06
0.9999725818634033
0.9998655319213867
0.3608810603618622
0.9996115565299988
5.039035841036821e-06
0.9999946355819702
0.005610693711787462
0.015026007778942585
0.9996781349182129
0.9999953508377075
0.9137306213378906
0.6035294532775879
0.9996727705001831
0.9999994039535522
3.1915267754811794e-05
0.15063665807247162
0.9997774958610535
8.903312753716364e-09
0.9999591112136841
0.9999722242355347
0.9655441641807556
0.9999876022338867
3.1570530723001866e-07
0.0005373148014768958
0.9999986886978149
0.9999960660934448
0.9999908208847046
0.3197098970413208
0.056751616299152374
0.2940635681152344
0.9999810457229614
9.280122867494356e-06
0.9954012632369995
9.516591035207966e-07
0.490934818983078
1.9182040400522737e-09
4.430794433574192e-06
0.6878445148468018
