1.0
0.9999963045120239
0.7770614624023438
0.9637739062309265
0.9994364380836487
0.9999992847442627
1.0
0.9278284311294556
0.9999998807907104
1.0
1.0
1.0
0.7172816395759583
0.9999991655349731
0.18275931477546692
0.9999998807907104
0.00023144266742747277
0.9047805070877075
0.9999990463256836
0.9999998807907104
1.0
1.0
0.9999959468841553
1.0
0.9981318116188049
0.9999996423721313
0.9387224912643433
0.013093077577650547
0.9999997615814209
0.9993767142295837
0.9999971389770508
1.0
0.0029845142271369696
0.9999994039535522
0.9861646294593811
0.9992610812187195
0.9999951124191284
1.0
0.9999935626983643
0.9999868869781494
0.990450918674469
1.9027675079996698e-06
0.00016672952915541828
1.0
0.9999998807907104
0.9969528913497925
0.9967201352119446
0.9999996423721313
0.00868960004299879
0.9999974966049194
0.7703822255134583
1.0
1.0
0.24792125821113586
0.8388155698776245
0.9999998807907104
0.9998024106025696
0.9999803304672241
0.9999932050704956
1.0
0.999993085861206
1.0
0.998993456363678
0.9999996423721313
0.8823697566986084
1.0
0.9975501894950867
0.9999411106109619
0.9999967813491821
0.9066240787506104
0.9999728202819824
1.0
1.0
0.9089136719703674
0.42674994468688965
1.0
0.9999996423721313
0.9746389389038086
1.0
0.9999955892562866
0.9993940591812134
0.9999995231628418
0.9679427146911621
0.9999973773956299
1.0
0.9995606541633606
0.9958080053329468
0.9999444484710693
0.09373548626899719
0.8440892696380615
7.928127160994336e-06
0.9735042452812195
6.180135869726655e-07
0.028836704790592194
0.9800344705581665
3.4171440347563475e-05
0.9877084493637085
1.5493313867409597e-06
4.124062616028823e-05
0.0005991133511997759
0.13735438883304596
1.0
0.9999847412109375
1.0254145621502175e-07
0.9994199275970459
0.9999983310699463
0.9999980926513672
0.04745388403534889
0.9999966621398926
1.0
1.0
0.0009940341114997864
0.000133349429233931
0.0035867420956492424
4.998777058062842e-06
0.2071380913257599
0.9986802935600281
0.9608689546585083
0.9875330924987793
0.9999845027923584
0.9276428818702698
0.9757928252220154
0.18318629264831543
0.0005173449753783643
1.0
0.9999998807907104
0.0005180714069865644
0.08566001057624817
0.9999998807907104
0.00011792257282650098
0.999716579914093
1.3044553952568094e-06
0.9998975992202759
0.00016444583889096975
0.9999916553497314
0.999984622001648
0.9999998807907104
0.016815287992358208
1.0
1.0
0.04429640993475914
0.5731930732727051
0.9999998807907104
0.9998940229415894
0.5091621279716492
0.9999997615814209
1.0
0.9999998807907104
0.0005417378852143884
5.72697581446846e-06
5.03624469274655e-05
6.302280439740571e-07
0.030016813427209854
0.8653162121772766
0.9999998807907104
0.007067903410643339
0.009004364721477032
0.9375743269920349
1.0
0.9999995231628418
0.19957619905471802
0.0009377370588481426
0.15597465634346008
1.0
0.0032756468281149864
1.7166654288303107e-05
2.0794578858840396e-07
0.009950210340321064
1.0
1.4643053873442113e-05
0.9999653100967407
0.5071427822113037
0.9991495609283447
6.627834954997525e-05
0.9998743534088135
0.9999996423721313
0.9999963045120239
0.3151645362377167
0.008699019439518452
0.000648385495878756
0.9164510369300842
0.7021909952163696
4.059960338054225e-05
0.008837892673909664
1.0
0.9999997615814209
1.0
0.06687568873167038
5.212347241467796e-05
0.9341086745262146
1.0
0.9999998807907104
1.0
2.474004759278614e-06
0.9999629259109497
0.0091265132650733
1.0
1.0
0.9999970197677612
1.0
0.9999798536300659
0.9999997615814209
0.9996459484100342
1.0
1.0
0.9999990463256836
1.0
0.9999164342880249
1.0
1.0
0.9914212822914124
1.0
0.9999995231628418
0.004430179949849844
0.9999393224716187
0.9999991655349731
0.9999133348464966
1.0
0.9999997615814209
1.9356373741175048e-05
0.9999992847442627
0.0006625054520554841
0.9999945163726807
0.0007751541561447084
0.9999648332595825
0.9576404690742493
0.969477117061615
0.9978688955307007
0.7253433465957642
2.1151888631720794e-06
0.9999054670333862
0.9999947547912598
0.0001309789513470605
0.27618885040283203
6.250201840884984e-05
0.00029509718297049403
0.048101574182510376
0.0033400021493434906
3.3688906114548445e-05
9.55308223637985e-07
4.440816155693028e-06
0.9999969005584717
0.9999992847442627
1.0
0.9929210543632507
1.0
0.9999998807907104
0.9999381303787231
8.901387786863779e-07
0.00021727803687099367
6.279330136749195e-06
0.00019410929235164076
0.48213160037994385
0.005194680765271187
0.010264032520353794
0.0003047501086257398
0.5940395593643188
0.09620125591754913
1.0
0.9999997615814209
3.725665180809301e-07
0.9533957839012146
0.9999985694885254
4.79384152640705e-06
9.811128256842494e-05
0.999998927116394
1.0
0.9999926090240479
1.0
0.010985130444169044
0.9999947547912598
0.0008984206942841411
1.8179229300585575e-05
1.0
1.0
1.0
1.0
0.9992607235908508
1.0
0.9999994039535522
1.0
1.0
1.0
1.0
1.0
0.4044923484325409
1.0
0.28574949502944946
0.9999845027923584
1.0
1.0
0.9999995231628418
1.0
0.9999579191207886
1.0
0.999994158744812
0.9655861854553223
0.007869882509112358
0.3049313724040985
0.03281492739915848
0.8447044491767883
0.99981290102005
0.005767162423580885
0.9999998807907104
1.0
1.0
0.019313782453536987
0.9999997615814209
1.0
1.0
0.001655690954066813
0.9383256435394287
0.9999997615814209
1.0
0.340371698141098
0.999964714050293
1.0
0.9999998807907104
0.9999995231628418
0.9999984502792358
0.9999990463256836
0.4753582775592804
0.0001837022282416001
0.9999908208847046
2.798867342335143e-07
5.294394327393093e-07
1.0
0.092938631772995
1.0
0.7491867542266846
0.9999991655349731
0.9981403350830078
0.9999998807907104
0.9999994039535522
0.9999996423721313
1.0
2.5348717827000655e-05
0.9999988079071045
1.0
0.038757044821977615
0.8019585013389587
0.9999171495437622
0.99959796667099
0.9999499320983887
0.9999983310699463
0.9999985694885254
0.9999997615814209
0.9999897480010986
0.6555817723274231
1.0
0.9999973773956299
0.9999998807907104
1.0
1.0
0.9999580383300781
1.0
0.9957417249679565
1.0
0.0004050892312079668
1.0
1.0
1.0
1.0
0.9999406337738037
1.0
1.0
0.9997585415840149
0.8222954273223877
0.9999979734420776
0.015429731458425522
1.0
0.00030357338255271316
0.0013297752011567354
1.0
0.11222568899393082
1.0
0.9999998807907104
1.0
1.0
0.9980497360229492
1.0
0.011870318092405796
1.0
1.0
0.999996542930603
6.115168616815936e-06
0.9991486072540283
0.4564683735370636
0.9406970739364624
1.0
0.00012632559810299426
0.3336195945739746
0.976059079170227
1.0
0.9999948740005493
0.9998781681060791
1.0
1.0
0.022099541500210762
0.9999927282333374
0.9999997615814209
0.9655861854553223
0.9996391534805298
1.0
0.9751583933830261
1.0
0.9999977350234985
0.9999980926513672
0.14039628207683563
0.0002881186956074089
2.924204864029889e-06
0.999984622001648
1.0
0.9972302317619324
0.623141884803772
0.9999995231628418
1.0
0.0704117938876152
2.2375088519765995e-06
0.6077053546905518
0.9999998807907104
0.9999997615814209
0.9990180730819702
1.0
1.9635233911685646e-05
0.9999985694885254
0.9985488057136536
0.9903331398963928
0.9999991655349731
0.9999988079071045
0.9982835054397583
0.9999998807907104
5.569074710365385e-05
0.0014148334739729762
0.9999998807907104
0.02762760780751705
0.00028639636002480984
2.686059997358825e-05
0.006607481744140387
5.147479532752186e-05
2.5683839339762926e-05
1.0
7.303828624571906e-06
1.0
0.730065643787384
0.7245194911956787
1.0
0.000271574012003839
2.36853952628735e-06
0.2578863203525543
2.418446274532471e-05
0.0021534909028559923
0.0002759023627731949
1.0
0.032641708850860596
0.00010955495235975832
0.999922513961792
8.081536361714825e-05
0.6904081702232361
1.0
0.9991337656974792
0.9593391418457031
0.8298290967941284
0.9888237118721008
0.5848594307899475
0.9987723231315613
0.9939481019973755
0.9978877902030945
8.013903993742133e-07
1.0
0.0009673080057837069
0.9999998807907104
0.9999997615814209
1.0602924476188491e-06
3.690422454383224e-05
1.1473362064862158e-05
0.9986942410469055
5.33029060534318e-06
0.9999992847442627
1.0
0.9997199177742004
9.43615577853052e-06
1.8654895029612817e-05
2.0310857507865876e-05
2.745631900324952e-05
1.0
4.669748250307748e-06
0.9966465830802917
6.504888006020337e-05
0.9999996423721313
0.012946557253599167
0.00023159697593655437
0.7762645483016968
0.19336895644664764
0.000539270113222301
0.0010556847555562854
0.9999998807907104
0.9999773502349854
1.0
1.0
1.0552572348387912e-05
3.07760228679399e-06
0.012539616785943508
6.104749627411366e-05
0.9983671307563782
0.4243961572647095
0.0011193073587492108
1.0
0.9999986886978149
0.0017089596949517727
0.013233047910034657
0.983251690864563
0.00018764940614346415
0.999995231628418
1.0
4.100224487046944e-06
0.3301165699958801
0.01212185900658369
0.00018091384845320135
0.9999996423721313
0.9999960660934448
6.034041689417791e-06
0.00463787280023098
0.00015831571363378316
0.0031380692962557077
0.999998927116394
0.9995715022087097
0.0001918225025292486
0.04505132511258125
0.4539722204208374
1.0
0.9114190340042114
3.6160706713417312e-06
0.996762752532959
0.9863486289978027
0.9980553388595581
1.383380208608287e-06
0.0005973538500256836
1.220307603944093e-05
0.9999994039535522
0.999861478805542
0.0010572633473202586
0.9354603886604309
0.9999995231628418
0.30473923683166504
0.0004463304649107158
6.405037993317819e-07
3.975761501351371e-06
0.008458642289042473
0.9997269511222839
0.999995231628418
2.421187339507469e-08
0.9999892711639404
0.3025238513946533
0.998582124710083
0.012080974876880646
1.3432689229375683e-05
0.9999940395355225
1.6120073098591092e-07
1.6258062487395364e-06
0.9863048791885376
0.011394105851650238
0.03538376837968826
9.268055123357044e-08
0.0003574191068764776
0.05333871766924858
0.012095962651073933
2.0959080302418442e-06
0.9999974966049194
0.006253295112401247
0.9999984502792358
1.0
0.00020458178187254816
0.0002839642984326929
1.0
0.15557605028152466
0.9421572089195251
1.0
0.0924273356795311
1.1838787941087503e-06
0.3956937789916992
0.001376657048240304
0.004968569148331881
1.7077956727007404e-05
4.7861075103128314e-08
0.0011653945548459888
7.566914973722305e-06
0.002567881718277931
0.0005974557716399431
0.9999823570251465
0.17642146348953247
2.3669614165555686e-05
0.33652105927467346
1.0
5.589484771917341e-06
0.9999992847442627
1.5195084415609017e-05
0.0037800681311637163
0.003715979168191552
5.66070275453967e-06
0.5294849276542664
0.9997790455818176
0.9859683513641357
0.8682022094726562
0.03368368744850159
0.9684571027755737
0.00038306310307234526
0.020266540348529816
0.007611929439008236
0.8948681950569153
0.003454793943092227
0.9999532699584961
0.0028078544419258833
0.9999983310699463
1.0
0.9999868869781494
0.9999492168426514
0.9994269609451294
0.6265383362770081
1.0
0.006028709001839161
1.0
0.8476052284240723
0.4252485930919647
0.9999998807907104
0.9999997615814209
0.9999964237213135
0.9999889135360718
9.049188520293683e-06
1.0
1.0
0.9999998807907104
1.0
0.9999862909317017
0.4124080240726471
0.9999939203262329
0.9232728481292725
0.9999943971633911
0.9999966621398926
0.9979648590087891
0.033174607902765274
1.0
0.9999685287475586
0.9989457726478577
0.6460002660751343
1.0
1.0
1.0
0.9999924898147583
1.0
1.0
0.06762304902076721
1.0
1.0
7.854035357013345e-05
0.9960479140281677
0.9998453855514526
1.0
0.9999921321868896
3.5934324841946363e-05
1.0
1.0
1.0
1.0
0.9998316764831543
1.0
0.8407313227653503
0.014845157042145729
0.0002088916371576488
0.9999995231628418
1.0
0.9999997615814209
1.0
1.0
1.0
0.9998728036880493
0.9999998807907104
1.0
0.993909478187561
1.0
0.9999854564666748
0.9998018145561218
0.9999998807907104
1.0
0.9999998807907104
1.0
0.999955415725708
0.9997336268424988
1.0
0.9845020174980164
0.999981164932251
1.0
0.13791081309318542
0.9999998807907104
1.0
5.858689178239729e-07
6.17294863332063e-05
1.0
0.998705267906189
1.0
0.9931715726852417
0.014988452196121216
0.23496013879776
0.941020131111145
1.0
0.9999829530715942
1.0
0.9999995231628418
1.0
1.0
1.0
0.9999771118164062
1.0
0.9999817609786987
0.9999996423721313
0.00015780748799443245
0.9903258085250854
1.0
1.0
1.0
0.9728254675865173
1.0
0.07985991984605789
0.9999455213546753
0.9996494054794312
1.0
0.013480040244758129
0.999488353729248
0.9999997615814209
0.9999948740005493
1.0
0.0993569940328598
0.9974873065948486
0.9999164342880249
0.030469685792922974
1.0
1.0
1.0
1.0
0.5092270374298096
0.9982299208641052
0.9966886639595032
0.9999924898147583
0.9999181032180786
1.0
1.0
1.0
1.0
5.76168986299308e-07
0.0006421268335543573
1.0
0.522727370262146
0.00029708308284170926
0.4857018291950226
0.9999986886978149
0.9998595714569092
0.00046006726915948093
1.0
0.12798263132572174
0.9997785687446594
2.9679253202630207e-05
0.9999749660491943
0.03968784958124161
0.9999998807907104
1.0
1.0
1.0
0.9999995231628418
0.9964768290519714
1.0
0.9999997615814209
0.9956740736961365
0.9999991655349731
0.9806895852088928
2.0546900486806408e-05
0.9999997615814209
0.07021850347518921
0.9999641180038452
0.0037890521343797445
0.9999998807907104
0.0002450284082442522
0.999680757522583
1.0
1.0
0.6997644305229187
1.0
0.98911452293396
0.009922468103468418
0.8849663138389587
1.0
1.0
0.9999998807907104
0.9999947547912598
0.8267497420310974
0.9998724460601807
1.0
1.0
0.0872451439499855
0.9999998807907104
1.0
0.9930036664009094
0.9998470544815063
0.9996054768562317
0.9983501434326172
1.0
0.9999979734420776
0.47795790433883667
0.9999908208847046
1.0
0.9999996423721313
0.9999791383743286
1.0
0.1745920479297638
1.0
0.9999501705169678
0.03744881972670555
0.9999258518218994
0.00012706799316219985
3.1030774607643252e-06
0.9255989789962769
0.9999992847442627
1.5525735079791048e-06
0.9940055012702942
0.9999963045120239
0.9975564479827881
8.546154504074366e-07
0.9984887838363647
1.0
0.9980681538581848
0.9999047517776489
0.9981441497802734
4.2893698264379054e-05
2.8108485139455297e-07
0.00047888324479572475
0.9922177791595459
0.9999979734420776
0.0006170700653456151
0.9999809265136719
1.0
0.10297861695289612
1.0
0.9883316159248352
0.597513735294342
3.4868153306888416e-05
1.0
0.9991834759712219
1.0
0.9458200931549072
1.0
0.0037388415075838566
0.0003146673843730241
1.0
1.0
0.0014312383718788624
0.9979369640350342
0.9998700618743896
1.0
0.9937729239463806
0.008147064596414566
0.9999791383743286
0.9999997615814209
0.9999878406524658
1.0
0.998056948184967
2.096359276038129e-05
0.9995869994163513
1.0
0.973160982131958
1.0
1.0
1.0
1.0
0.9929008483886719
1.0
0.9999912977218628
1.0
1.0
1.0
0.999315619468689
0.442270964384079
0.002373818540945649
0.97431480884552
2.4214680252043763e-06
0.995707094669342
0.998342752456665
0.021187201142311096
0.9817392826080322
3.4290215467081e-07
0.9999995231628418
0.00241338019259274
0.45292556285858154
0.0018243766389787197
9.441494512429927e-06
1.0
0.9915834069252014
0.9999744892120361
0.9999994039535522
0.9650418758392334
0.22241456806659698
1.0
0.9999979734420776
8.479882671963423e-05
0.9999972581863403
0.9999998807907104
0.020595373585820198
0.9999569654464722
0.9964843988418579
0.9999953508377075
0.18059226870536804
0.98394775390625
0.9551399946212769
0.37285855412483215
0.9999984502792358
0.9984986782073975
1.0
0.9999687671661377
1.0
7.565112173324451e-05
0.9999988079071045
0.9999876022338867
0.9999672174453735
0.020214619114995003
0.8708356022834778
0.9999980926513672
0.9975897073745728
0.9999957084655762
0.9996071457862854
0.9999979734420776
0.9441646933555603
0.0007856939919292927
0.9999837875366211
1.0
0.9999997615814209
1.0
1.0383050721429754e-06
0.2750951945781708
0.035767365247011185
0.030084289610385895
0.0008555063395760953
0.9940113425254822
0.9999970197677612
3.4778789995471016e-05
2.4360997485928237e-06
0.9993003606796265
0.9977065324783325
6.632479312429496e-07
0.9982855916023254
0.04451865330338478
0.0007975441985763609
0.8501161932945251
0.0048052468337118626
1.0
0.0002509971964173019
7.953738645483099e-07
8.280663678306155e-06
0.9992121458053589
0.0027585180941969156
0.995937705039978
0.9999998807907104
0.9999960660934448
0.9980573058128357
0.9999998807907104
0.7995277047157288
4.676524258684367e-05
0.9999889135360718
4.336046913522296e-06
0.02052430808544159
0.9999977350234985
0.9967545866966248
1.901464202092029e-05
0.00069357332540676
0.7298547625541687
0.9780067205429077
1.6213393791986164e-06
0.7322523593902588
1.3090579159324989e-05
0.04381153732538223
0.0002605366753414273
0.1434650421142578
0.0028647452127188444
0.1254791021347046
1.0
0.005530846305191517
4.012727731605992e-05
0.005942679941654205
1.0
0.0008643499459140003
4.623811094006669e-07
0.0004911291180178523
8.904168498702347e-05
0.012761607766151428
0.9999998807907104
0.9999423027038574
0.9999997615814209
0.0010773485992103815
0.9935482144355774
0.0029776343144476414
0.03375067189335823
0.008320116437971592
0.8161302804946899
0.9980113506317139
1.0
0.9999979734420776
0.4757424592971802
0.5199073553085327
0.9999996423721313
0.9980406165122986
0.9999158382415771
0.975529670715332
0.0014254573034122586
0.0006772082997485995
0.9967265129089355
0.9998897314071655
0.9999579191207886
3.9769023715052754e-05
0.9999934434890747
0.008461598306894302
0.1105305403470993
0.0045504383742809296
0.9994006156921387
0.9279246926307678
0.04620255157351494
0.017921296879649162
0.0005672819097526371
0.9795539379119873
0.008313427679240704
1.0
2.656102360276691e-08
0.4479058086872101
0.9997910857200623
1.0
0.9636978507041931
0.00017389397544320673
0.11658789217472076
6.011923119331186e-07
0.00015980475291144103
9.078291623154655e-05
0.01853560097515583
0.011684835888445377
0.0017473897896707058
0.5329893231391907
0.00034582437365315855
0.5185521245002747
0.7634682059288025
0.9850128889083862
0.024081306532025337
0.0006697470671497285
0.19586843252182007
0.06892930716276169
0.05510740727186203
0.9998409748077393
0.8065599203109741
0.6566657423973083
1.732099917717278e-06
1.1232720680709463e-05
3.1612897146260366e-05
0.007355317939072847
0.006533823907375336
0.9965196847915649
0.00023556507949251682
0.9999998807907104
0.016731606796383858
0.003556381445378065
2.152098090846266e-07
0.9999867677688599
0.9999997615814209
0.9999995231628418
0.9992095232009888
1.1005643500539009e-05
0.8913692235946655
3.318459494039416e-05
0.9999940395355225
0.9988986253738403
3.5128375657222932e-06
0.010486725717782974
0.9999773502349854
0.8651782870292664
0.1942710280418396
0.00012681646330747753
6.556417702086037e-06
1.0
4.600407010002527e-06
0.0003791878989432007
0.9999998807907104
0.9999896287918091
0.0024521122686564922
0.0957355871796608
5.571166639128933e-06
0.9997878670692444
0.7775272727012634
0.0032426761463284492
0.9999909400939941
5.3364463383331895e-05
0.983578085899353
1.0
0.01146793644875288
0.0005321186617948115
0.0006989474059082568
0.9675419330596924
0.9989724159240723
0.9999970197677612
1.0
1.0
0.8808993697166443
1.0
1.0
0.12145952880382538
0.9994568228721619
0.998305082321167
1.0
1.0
0.9819068312644958
0.9999991655349731
0.997546374797821
9.912710083881393e-07
0.9869338274002075
1.0
0.9655318260192871
0.00011311490379739553
3.7728191273345146e-06
0.9997497200965881
0.9999934434890747
1.0
1.0
0.04652785882353783
0.9998238682746887
0.7950597405433655
0.0009525900823064148
0.9999865293502808
0.9576798677444458
0.9999547004699707
0.11748909950256348
0.9999724626541138
1.555074931047784e-07
0.983810544013977
0.9999134540557861
0.000373206683434546
0.00011449854355305433
0.9999494552612305
0.9857850670814514
0.0007188130402937531
0.9999998807907104
1.0
9.874722763925092e-07
9.035867520879037e-08
0.9998041987419128
0.9998548030853271
0.9999998807907104
0.32592910528182983
0.9999998807907104
1.0
0.0003661320370156318
1.0
0.9999978542327881
0.00025945514789782465
0.999785840511322
0.01986292377114296
1.0
0.9993789196014404
0.0032500328961759806
1.0
0.00047467753756791353
0.9999998807907104
0.9999932050704956
0.03679286688566208
0.9999886751174927
0.8977565765380859
0.9594846963882446
0.00020881816453766078
0.9043803811073303
1.0
1.0
0.9742769002914429
0.049396585673093796
0.9997779726982117
9.359636896988377e-05
0.08446869254112244
4.711586996108963e-07
0.999998927116394
0.999995231628418
0.0021560180466622114
3.2038593644756475e-07
0.6805713176727295
0.9999998807907104
7.7741157156197e-07
0.9979988932609558
0.9923136830329895
0.9999746084213257
0.7276315093040466
0.00018510373774915934
0.9999998807907104
0.9999988079071045
0.9776737689971924
0.7379948496818542
0.9999985694885254
0.9996558427810669
0.5618769526481628
1.0
1.0
0.8003870844841003
0.999997615814209
0.9999990463256836
1.0
1.0
1.0
0.10558489710092545
2.5104921519414347e-07
4.249631820130162e-05
1.0
1.0
0.32092535495758057
0.08567516505718231
0.999929666519165
0.9683566093444824
5.026188887313765e-07
1.0
0.9999915361404419
0.9836708307266235
0.9999078512191772
0.9999977350234985
1.0
0.7451196908950806
0.9998331069946289
0.00012843660078942776
0.9999948740005493
1.0
0.9999982118606567
0.9997585415840149
0.9999997615814209
1.0
0.24602197110652924
5.75018987092335e-07
0.006745730526745319
2.3511909603257664e-05
0.9999998807907104
0.9999978542327881
0.000871523458044976
0.999944806098938
0.29794174432754517
0.9999985694885254
0.00015826543676666915
0.9999945163726807
0.9999996423721313
0.005391945131123066
0.9999998807907104
0.9999998807907104
0.9999992847442627
1.0
0.01399935968220234
0.7144981026649475
0.9999998807907104
0.9999997615814209
0.0001828977110562846
0.21005073189735413
0.9995536208152771
0.45383015275001526
0.15616245567798615
0.9999459981918335
0.9999991655349731
0.9999967813491821
0.050815705209970474
0.9999825954437256
1.0
1.0
0.6442451477050781
1.0
0.02922482043504715
0.0013465752126649022
0.0035066111013293266
0.018063925206661224
0.000499250425491482
0.00023458451323676854
0.10648520290851593
1.0
0.9999887943267822
0.003222729079425335
0.21945981681346893
2.2424809742460639e-07
0.0075366441160440445
0.9999356269836426
0.225004181265831
0.8940013647079468
0.9999971389770508
0.00012768234591931105
1.5327948403864866e-06
0.06810396909713745
0.9999217987060547
0.5317537784576416
0.8659381866455078
7.949439009280468e-07
0.25164490938186646
0.9738727807998657
1.0
0.9999901056289673
0.10586206614971161
0.9999998807907104
0.007244959007948637
0.07547970861196518
1.0
0.005539108999073505
0.9998770952224731
0.06758072227239609
0.009609824046492577
0.5744454264640808
1.9801208850367402e-07
1.0
0.99998939037323
0.999972939491272
0.9999997615814209
0.9999991655349731
0.9928385615348816
1.0
0.7274028658866882
1.0
0.9999998807907104
0.448395699262619
0.9997496008872986
6.804842911378728e-08
0.04914050176739693
0.0006918631261214614
0.06761832535266876
0.9994630217552185
0.0003848000196740031
0.9999991655349731
0.5589722394943237
0.9280291795730591
1.0850821041685776e-07
0.6175553202629089
0.9999998807907104
0.046730466187000275
0.9470351338386536
8.493851055391133e-05
2.7246682293480262e-05
0.9992532134056091
0.0008604627219028771
0.0004499190836213529
0.8803449273109436
0.9999997615814209
0.00019237364176660776
0.016289668157696724
0.0001395942672388628
2.3877240892034024e-05
1.0
0.880744993686676
0.9998231530189514
0.9884443879127502
0.9988088607788086
0.18522565066814423
0.00018859001283999532
0.9999823570251465
0.999980092048645
0.6570689082145691
0.0011684068012982607
0.027182690799236298
0.9999997615814209
0.0025256092194467783
0.9992986917495728
0.9983263611793518
0.9999877214431763
0.0010564016411080956
1.0
0.9628296494483948
0.9978510141372681
0.991688072681427
0.2321033477783203
1.0
7.1658128035778645e-06
1.0
0.6921247243881226
0.9999940395355225
2.179212287956034e-06
6.457213021349162e-05
9.205892274621874e-05
0.00496399262920022
0.8887681365013123
0.008239289745688438
0.9994344115257263
1.2695298210019246e-05
0.07056328654289246
6.526154834318731e-07
0.9912680387496948
0.9976481795310974
4.293904567020945e-05
0.04874862730503082
0.999998927116394
0.016723033040761948
0.035181332379579544
0.006044923327863216
1.5265161437127972e-06
0.9999980926513672
0.9968777894973755
5.2269861043896526e-05
0.0005657664150930941
5.883464950784401e-07
0.9999927282333374
2.747099642874673e-06
0.9510518312454224
0.9998347759246826
0.9999041557312012
0.0536440946161747
0.763447642326355
0.8253718018531799
0.044123273342847824
0.892912745475769
0.5104326009750366
5.459363094928449e-08
1.8465893845132086e-06
0.9902340173721313
0.9998986721038818
0.06453416496515274
1.0
8.088173490250483e-05
0.003324525197967887
0.9999876022338867
1.0
3.096441650995985e-05
1.069011432264233e-05
0.9999638795852661
1.0
0.00048815575428307056
0.9999750852584839
8.290276554134834e-08
0.0004052479926031083
0.00020753017452079803
1.3373052070164704e-06
3.270121851528529e-06
0.9999997615814209
0.9395589828491211
0.002092737704515457
0.8321215510368347
1.0
0.003982065711170435
0.005965441465377808
0.9935290217399597
0.01950216107070446
2.853416390280472e-06
0.9313051104545593
0.9999998807907104
0.9999810457229614
0.9999594688415527
3.4760164453473408e-06
0.5569990873336792
0.9997983574867249
0.00011653644469333813
0.5522792339324951
0.9999347925186157
0.9999994039535522
0.9679797291755676
0.9867836236953735
1.5662062651244923e-06
0.005062156356871128
0.04867398366332054
0.0066244169138371944
1.9521025024005212e-05
0.00012961032916791737
0.9921573400497437
0.5894395112991333
0.9995217323303223
0.000165718185598962
0.9912424087524414
0.3696677088737488
0.9999157190322876
0.0006758300005458295
0.9997499585151672
0.9999634027481079
1.0
0.9951660633087158
4.996799361833837e-06
1.0
0.9995827078819275
0.8676150441169739
0.9755781292915344
0.9999877214431763
5.572272129938938e-06
3.719816595548764e-05
7.552258466603234e-06
0.999998927116394
0.0001766179339028895
1.5213321375995292e-06
4.594532128976425e-06
1.0
3.440951346078691e-08
0.11481308192014694
2.8260583349037915e-05
4.4093172618886456e-05
0.9999954700469971
0.004051983822137117
0.004193550907075405
1.0
0.9890860319137573
1.0
1.0
0.9999997615814209
0.9953578114509583
0.0005182005115784705
0.9999940395355225
1.0
0.9999709129333496
1.0
0.4675283432006836
0.9988191723823547
0.9999973773956299
0.9998574256896973
4.89453123009298e-05
0.9998911619186401
1.6520423741894774e-05
0.9999997615814209
0.16959600150585175
0.8907195329666138
0.9999916553497314
0.8747069835662842
0.9999982118606567
0.9999984502792358
0.014896878041327
0.014103809371590614
1.0
0.9999995231628418
0.9994266033172607
0.02600015327334404
0.9999523162841797
0.9999996423721313
0.0051692877896130085
0.20012976229190826
0.99998939037323
0.5655918121337891
0.9999997615814209
0.17525653541088104
0.9999420642852783
0.0160615723580122
0.9999991655349731
1.0
3.103409937921242e-07
0.8202889561653137
0.9999984502792358
0.9999960660934448
0.2057051956653595
0.8053129315376282
1.0
1.0
1.0
1.0
0.9999997615814209
0.9999998807907104
0.9984900951385498
0.9999862909317017
1.0
0.9597144722938538
0.9977471232414246
0.9999861717224121
0.0029399304185062647
0.999990701675415
0.002860346343368292
0.989176332950592
2.941607590400963e-06
6.733472218911629e-06
0.0006018895655870438
0.0008657507714815438
4.483857992454432e-05
0.8418257832527161
2.5467847990512382e-06
0.856556236743927
0.9999827146530151
0.008675526827573776
0.24397699534893036
0.9999116659164429
3.3866970625240356e-05
0.9999998807907104
0.009085462428629398
0.5070208311080933
0.9987253546714783
1.1401681376810302e-08
0.0005152605008333921
0.002324688481166959
0.999923825263977
0.0002843620313797146
3.235366648368654e-06
0.7837075591087341
0.9998027682304382
0.9989773035049438
1.0
0.7890071272850037
0.0004552295431494713
1.0
0.011960185132920742
0.9998575448989868
0.9999985694885254
0.006182094104588032
0.9907159805297852
1.0
0.9965906143188477
0.15902027487754822
0.6538773775100708
0.33472663164138794
0.021549249067902565
0.0007155928178690374
0.999997615814209
0.023921385407447815
7.271920367202256e-06
0.0008806418627500534
0.9999961853027344
4.480970801523654e-06
0.9999263286590576
7.884156366344541e-05
0.0007906096871010959
4.924354288959876e-05
0.9999421834945679
1.0
0.9999978542327881
0.010591059923171997
0.9999887943267822
0.0067950040102005005
0.7329765558242798
0.6775460839271545
0.00023521225375588983
0.0005510185146704316
1.813109702197835e-05
0.9375995993614197
0.005287592764943838
0.43062615394592285
0.9902772903442383
9.488005889579654e-05
0.004551438149064779
0.015044458210468292
0.19961941242218018
0.024278772994875908
0.001174279022961855
0.4641888737678528
0.999768078327179
7.854941941332072e-05
6.060628493287368e-06
0.9985424280166626
0.015804575756192207
0.999988317489624
0.9999998807907104
0.9998661279678345
0.000367486325558275
0.8660652041435242
0.9999997615814209
0.00028805225156247616
1.9081728169112466e-05
0.9999688863754272
0.4137350022792816
0.00016330360085703433
0.0019597031641751528
0.00014933590136934072
3.263067628722638e-05
0.012937596999108791
0.9737710356712341
0.19276581704616547
0.9945618510246277
0.0007433649152517319
0.01746215671300888
0.9964622855186462
0.9993789196014404
8.119247650029138e-05
0.22061440348625183
0.9999978542327881
1.425080426997738e-06
1.2733800076603075e-06
0.9881734251976013
4.40740086560254e-06
0.9999935626983643
0.9952097535133362
0.9872418642044067
0.0013742106966674328
0.026012061163783073
1.5033334420877509e-05
0.003679006826132536
1.0
3.7814356801391114e-07
1.6577715200583043e-07
0.9586650729179382
1.48146418723627e-05
0.9999998807907104
0.058219071477651596
8.806933919913718e-07
0.03988073766231537
0.36110126972198486
0.9999997615814209
0.16883623600006104
0.009941753931343555
0.00023492563923355192
0.905323326587677
0.023825213313102722
1.0
0.999997615814209
2.7415031581767835e-05
0.00013450528786052018
0.6391189098358154
0.0003885043552145362
0.9999949932098389
5.3836465667700395e-06
0.9943893551826477
0.9849740266799927
0.0003218391502741724
4.6874260988261085e-06
0.08626941591501236
0.3964705169200897
0.00032721878960728645
5.394806521508144e-07
0.9999680519104004
0.8493633270263672
0.00022248145251069218
1.0
4.092688322998583e-05
2.7736276024370454e-05
0.0344557985663414
1.2443566447473131e-05
0.9999996423721313
0.9994626641273499
1.3446764342006645e-06
3.877978087984957e-06
9.14996417122893e-06
0.6802901029586792
0.9432483911514282
0.7059364318847656
1.8902528609032743e-05
0.999990701675415
0.004598655737936497
0.9999990463256836
0.5090651512145996
1.0
0.9999955892562866
0.31215545535087585