1.2264474991141583e-09
0.5710626840591431
0.016456201672554016
0.9993782043457031
0.07165791839361191
0.7737361192703247
0.9999998807907104
0.004141159355640411
2.8015404041070724e-07
0.00012124104978283867
0.00280419597402215
1.3185226244161186e-08
0.9959887862205505
1.7326752299595682e-07
0.00019229478493798524
3.352784915477969e-05
0.9998996257781982
0.06392490863800049
0.010302356444299221
0.0025724065490067005
0.0055614192970097065
0.9978529214859009
0.005332612432539463
1.0038218078989303e-06
0.45574167370796204
4.510492956910639e-08
0.9064429998397827
0.9995415210723877
0.9742515683174133
0.9997096657752991
0.7053645253181458
1.1903907761734445e-06
0.18899758160114288
0.0005043931305408478
5.78518993279431e-05
0.004577708896249533
0.07712569087743759
0.9874883890151978
0.9998931884765625
0.9733865261077881
0.9813945293426514
0.027081148698925972
0.9902774095535278
1.5092126886884216e-05
0.9984152317047119
2.9010388971073553e-06
0.690147876739502
6.208091508597136e-05
0.9998977184295654
0.5356566309928894
0.15392982959747314
0.0033297480549663305
2.7011530789877725e-08
0.3360728919506073
0.9841676354408264
1.4058532542549074e-05
0.8541879057884216
0.005842300597578287
0.9994388222694397
0.014863635413348675
0.0014362528454512358
1.836725829207353e-07
0.14290660619735718
0.9992276430130005
0.9619746208190918
0.004465653095394373
0.04042195901274681
0.9508554935455322
0.19750134646892548
0.9999996423721313
0.0018078215653076768
7.16417935109348e-06
3.2796718674177328e-09
0.9998356103897095
0.917613685131073
0.006124694366008043
0.99974125623703
0.9997994303703308
3.733066122890705e-08
0.1988673061132431
0.0006370757473632693
0.00034181197406724095
0.18030792474746704
0.0007015172159299254
6.886462244892755e-08
0.00011435583292040974
0.9977083206176758
0.0530637763440609
0.9999967813491821
0.813473641872406
0.9999986886978149
0.9963597655296326
0.999984622001648
0.9712502956390381
0.9984473586082458
0.9999721050262451
0.03310364484786987
0.9977587461471558
0.9997931122779846
0.9996504783630371
0.9999480247497559
0.2031860202550888
0.026344161480665207
0.9999624490737915
0.2322487086057663
0.011372876353561878
0.00623098760843277
0.9999765157699585
0.9991762042045593
2.3195261746877804e-05
0.0005652764812111855
0.15179860591888428
0.12917877733707428
0.0003757525992114097
0.9999817609786987
0.00038918532663956285
5.866197625437053e-07
0.04048020765185356
0.061479371041059494
1.2550318615467404e-06
0.4679805338382721
0.9928561449050903
0.010811643674969673
0.0448281355202198
0.00035546673461794853
4.414579848344147e-07
0.985215425491333
0.20490865409374237
0.00454757921397686
0.9768399000167847
0.9418633580207825
0.9999486207962036
0.00014468001609202474
0.999256432056427
0.00045693767606280744
0.00842820294201374
0.8756023049354553
0.8740457892417908
3.71744903304716e-07
0.9977083206176758
0.9739080667495728
0.9958922863006592
0.0004440016346052289
0.6279771327972412
0.14208365976810455
1.7009186194627546e-05
1.224663151333516e-06
0.8249257206916809
0.007663778029382229
0.9994439482688904
0.9999669790267944
0.9999927282333374
0.06753648072481155
0.9990059733390808
0.005291686858981848
0.9999169111251831
0.9874154925346375
0.0268955510109663
0.0010372402612119913
5.3804891649633646e-05
9.104533091885969e-05
0.0533011220395565
0.7973456382751465
0.00011097280366811901
0.9980711340904236
0.9302031993865967
0.9999852180480957
0.9995679259300232
3.401714593564975e-06
0.9976195693016052
0.7969220876693726
0.999997615814209
0.014569777995347977
0.997696578502655
0.49979090690612793
0.020111078396439552
0.0014881136594340205
0.6743448376655579
0.991804838180542
0.19887271523475647
0.10569151490926743
0.21314206719398499
0.9999966621398926
0.9093286991119385
0.00025589833967387676
0.00042323244269937277
0.10784842073917389
0.8162263631820679
0.9632507562637329
0.06630168855190277
0.00016366105410270393
8.702872037247289e-06
7.824806971257203e-07
0.999997615814209
0.9857428073883057
0.002526706550270319
7.500836545659695e-06
2.4706054318812676e-05
0.974602222442627
2.6325085855205543e-05
1.2359054380794987e-05
0.8132649064064026
5.079043035038922e-07
6.861214933451265e-05
0.9997065663337708
0.006948379799723625
1.0503099474590272e-06
0.9994550347328186
5.796488403575495e-05
0.006072684656828642
0.08126106858253479
0.9999617338180542
0.5377576351165771
0.9990273714065552
0.9999860525131226
3.6058725527254865e-05
0.5590476989746094
6.120956641098019e-06
0.963240385055542
0.9999998807907104
0.7482978701591492
0.9999531507492065
0.0036500077694654465
0.9997879862785339
0.008043582551181316
0.008648302406072617
0.9907858371734619
0.9999992847442627
0.15419164299964905
0.9996784925460815
0.029863378033041954
0.00039254501461982727
0.9999884366989136
0.6955538988113403
0.9999958276748657
0.29874053597450256
0.9686453342437744
0.9990147352218628
0.9999905824661255
0.9700484275817871
0.999896764755249
0.03125724941492081
0.9993359446525574
0.999401330947876
0.865882396697998
0.9892900586128235
0.809367835521698
0.5240816473960876
0.9960837364196777
0.9999991655349731
0.10484976321458817
0.9998219609260559
0.9982700347900391
0.9996746778488159
0.9998114705085754
0.9999405145645142
0.05588475614786148
0.8822141885757446
1.4760014721559855e-07
0.0900191068649292
0.999998927116394
0.08764857053756714
8.909675671020523e-06
0.9929760694503784
0.999920129776001
5.0041869315009535e-08
0.0003014446119777858
8.442743273917586e-05
0.2971210479736328
0.9977160692214966
0.00027033299556933343
0.999958872795105
0.5091115832328796
0.9697535634040833
8.548920959583484e-06
6.535771035487414e-08
0.00017839438805822283
0.1116565689444542
8.366093970835209e-05
0.9515773057937622
1.1263312444498297e-05
0.8537212610244751
0.0007384676137007773
0.044425055384635925
0.00011698737944243476
0.9315235614776611
0.002058508340269327
0.9271899461746216
0.9994863271713257
0.00011081798584200442
0.0003733392513822764
0.00018108317453879863
8.904758033168036e-06
0.21882493793964386
8.064552758924037e-08
1.171413188671977e-07
0.9723970890045166
0.9990523457527161
0.45756012201309204
0.9979755282402039
0.9965776801109314
5.4410906159318984e-05
0.9966903924942017
0.999942421913147
0.0050156028009951115
2.619613405840937e-05
0.9999891519546509
0.02815973199903965
0.9919087290763855
0.005782019812613726
0.9999277591705322
0.9999992847442627
0.0027864130679517984
0.2675058841705322
0.000576741760596633
2.0410325305419974e-06
0.5383588671684265
0.03463723510503769
0.9766880869865417
0.990972638130188
0.0006584231159649789
0.9999970197677612
0.996636152267456
0.0014838050119578838
0.9997368454933167
0.999600350856781
8.570308636990376e-06
0.9997263550758362
0.0016993541503325105
0.9847031235694885
0.9971728324890137
0.8631619811058044
0.6324570775032043
0.03225485235452652
0.0011944272555410862
3.468084486257794e-08
0.9999992847442627
0.016539908945560455
3.453761564742308e-06
0.9999982118606567
0.0001814390270737931
0.01727837324142456
0.05310262367129326
0.12375864386558533
0.00550998467952013
0.0005895196809433401
0.00018275809998158365
0.9999988079071045
0.9999927282333374
2.1914574688253197e-07
0.9899411797523499
5.78701619815547e-05
1.2473113031319372e-07
0.00016852124826982617
0.007922072894871235
2.2650221580988728e-05
0.14522743225097656
8.854510014089101e-08
0.999992847442627
0.00045913649955764413
0.012708245776593685
1.0670493111319956e-06
0.00016441388288512826
0.10905443131923676
0.00015678773343097419
0.0020551015622913837
0.18412667512893677
0.2687031626701355
0.9998186230659485
0.999956488609314
0.0003668616700451821
0.9998944997787476
0.00647661741822958
0.024060865864157677
0.055665094405412674
0.000303315871860832
0.00015396089293062687
0.0010826553916558623
0.00010094773460878059
0.0010903094662353396
1.9968023678984537e-08
0.9999001026153564
1.8386957890470512e-05
0.28158828616142273
0.0006171409622766078
0.9999370574951172
0.5461487174034119
0.9983774423599243
0.9980472326278687
0.4139580726623535
0.9195034503936768
0.1828499287366867
0.9999892711639404
0.030084526166319847
0.01599685475230217
0.0009181507048197091
0.0006363301072269678
1.557479265557049e-07
0.00011629510117927566
0.37146443128585815
0.00014377992192748934
0.9723970890045166
0.9924888610839844
1.3403438060777262e-05
0.9997420907020569
8.801583317108452e-05
4.806325523531996e-05
0.014256292954087257
0.9999333620071411
0.9999533891677856
0.7571322917938232
0.0003575881419237703
0.016968686133623123
0.9999955892562866
0.9999755620956421
0.0004748259671032429
0.00018865313904825598
0.9937589168548584
0.999943733215332
0.02205163799226284
0.9998782873153687
0.0010667508468031883
0.9997707009315491
0.004903753753751516
0.9998971223831177
0.9775663018226624
0.9352686405181885
0.07872108370065689
0.9995182752609253
0.45488062500953674
0.9991129040718079
0.9987754225730896
0.9999548196792603
0.9999929666519165
0.0022584351245313883
0.9993076324462891
0.9998601675033569
0.9999994039535522
0.9992724061012268
0.9947486519813538
0.9999997615814209
4.1430066630709916e-05
0.9999392032623291
0.3676038980484009
0.24904204905033112
0.9998914003372192
0.9735669493675232
0.9997020363807678
0.9999946355819702
0.9999991655349731
0.9999996423721313
0.9998528957366943
0.9999996423721313
4.374225318315439e-05
0.9999704360961914
0.9986249208450317
0.9882547855377197
0.9328079223632812
0.6002881526947021
0.013169470243155956
0.3771960437297821
0.6646050810813904
0.9891384243965149
9.878483069769572e-06
0.9855359196662903
0.9989410042762756
0.9993895292282104
0.9946659803390503
0.9999936819076538
0.26099342107772827
0.9944553971290588
0.03122144564986229
0.9902541041374207
0.9999806880950928
0.9999991655349731
0.9999998807907104
0.3093506395816803
0.9977577328681946
0.9999890327453613
0.1155237928032875
0.9751541018486023
0.9999969005584717
0.9999725818634033
0.9999964237213135
0.9999841451644897
0.011351912282407284
0.9999994039535522
0.0006473880494013429
0.8004841208457947
0.9994750618934631
0.8076943159103394
0.9999743700027466
0.9999933242797852
0.999997615814209
0.9999998807907104
0.999991774559021
0.0026427824050188065
0.7716493010520935
0.24054351449012756
7.4582735578587744e-06
0.9999992847442627
1.0
0.9991224408149719
0.9999997615814209
0.8411800265312195
0.9962194561958313
0.9999996423721313
0.00025406383792869747
0.010839002206921577
0.9998781681060791
0.9998433589935303
0.07821095734834671
0.9999358654022217
0.12677599489688873
0.3355925679206848
1.0
0.8420796394348145
0.8209171295166016
0.00021291678422130644
0.99977046251297
0.0003093055565841496
0.996519923210144
0.9999055862426758
0.9999998807907104
0.9999734163284302
1.0440310688863974e-05
0.9955433011054993
0.9303823113441467
0.99600750207901
0.9999368190765381
0.8965185284614563
0.7396045327186584
0.9999997615814209
0.96138995885849
0.9999951124191284
0.041650597006082535
0.9999872446060181
0.9872120022773743
1.0
0.0007069362909533083
0.00020459291408769786
0.8217081427574158
0.9997721314430237
0.9925178289413452
0.9999994039535522
0.999969482421875
0.9999998807907104
0.9999996423721313
0.5824880003929138
1.1197264484508196e-06
0.02938060648739338
0.9999998807907104
0.00016714149387553334
0.988092839717865
0.013367720879614353
0.6024772524833679
0.9999998807907104
0.001304987003095448
0.9999815225601196
0.9999996423721313
0.9999991655349731
0.9986304044723511
0.9995028972625732
0.9963372945785522
0.999990701675415
0.9999978542327881
0.9999991655349731
0.9999998807907104
0.09511490911245346
0.9999990463256836
0.005860157776623964
0.7362695336341858
0.9999294281005859
0.9999998807907104
0.04184482619166374
0.9999822378158569
0.2709864377975464
9.948491424438544e-06
0.9999361038208008
0.9999996423721313
0.9993292093276978
0.9665713310241699
0.9960888624191284
0.9999840259552002
0.9999748468399048
0.9999150037765503
1.0
0.9997095465660095
0.9999920129776001
0.016806649044156075
0.290707528591156
0.9999985694885254
0.9997678399085999
0.9891716837882996
0.9999535083770752
0.9999951124191284
0.9989069700241089
0.999902606010437
0.9999920129776001
0.9999997615814209
0.9992989301681519
0.02419949881732464
0.9999983310699463
0.9999972581863403
0.9995794892311096
0.9772336483001709
0.9999978542327881
0.44750308990478516
0.9973068237304688
0.002792945597320795
0.9701940417289734
0.0004979042569175363
0.9451227188110352
0.4511830508708954
2.1277803170960397e-05
0.0002976969408337027
0.21775822341442108
0.0005297192838042974
0.9888916611671448
4.323613211454358e-06
0.9718950390815735
2.5443368301125702e-08
0.9999321699142456
0.03334478288888931
0.8995211720466614
0.07428056746721268
0.0022521300707012415
3.462048698565923e-05
0.9999974966049194
1.3678392861038446e-05
0.02617938630282879
0.008373411372303963
2.542115851156268e-07
0.003402798669412732
0.06184753030538559
0.976842999458313
0.010295276530086994
6.3226252677850425e-06
0.00018300169904250652
0.09977778792381287
0.9769983887672424
0.00025140124489553273
0.9888426065444946
0.0001273326633963734
0.9997947812080383
0.03424043580889702
0.04462316259741783
0.00014623955939896405
0.019213706254959106
0.0020465946290642023
2.096305433951784e-05
0.9999247789382935
9.62313570198603e-05
1.8969788584399794e-07
0.9999549388885498
0.07910226285457611
0.006488386075943708
2.2394715415430255e-05
0.985195517539978
0.9999984502792358
1.4341317466914916e-07
1.756164783728309e-05
1.8963146430905908e-06
6.112109076639172e-07
0.998691976070404
6.694325293210568e-06
0.8677353858947754
0.9954251646995544
0.9997621178627014
1.362136572424788e-05
1.8879190122333966e-07
0.996815025806427
0.9246095418930054
0.0009601685451343656
2.4831690552673535e-06
0.2795410454273224
0.0004258246626704931
0.8139073252677917
0.9999909400939941
2.3069280814524973e-06
0.004368369933217764
0.0011161589063704014
4.940026337862946e-05
0.006894285324960947
0.000503991381265223
0.5707575678825378
0.07163497805595398
0.8236940503120422
7.460167398676276e-05
0.9967740178108215
0.9916332960128784
1.8967741652886616e-06
0.9176352024078369
0.015690991654992104
0.008470429107546806
0.9971332550048828
0.9885398745536804
0.0004793164262082428
0.00013438708265312016
0.0025531139690428972
4.661098500946537e-06
0.9999986886978149
0.19900399446487427
0.0001512056333012879
7.442972673743498e-07
4.832932972931303e-05
4.893169170827605e-05
0.586936891078949
4.9193458835361525e-05
0.864201545715332
0.0009885779581964016
0.31741344928741455
1.4245763850340154e-05
8.189330742425227e-07
0.018649498000741005
0.9999876022338867
0.0005605617188848555
1.5761780787215685e-06
3.0115554636722663e-06
0.0007962817326188087
0.0021662041544914246
1.9617284124251455e-05
0.9977364540100098
0.9993926286697388
0.008727547712624073
0.793799638748169
0.9988031387329102
0.06332119554281235
0.9999454021453857
0.00010091000876855105
8.939144026953727e-05
0.0009699460351839662
0.003954574931412935
0.9996614456176758
0.02730734832584858
0.0012140902690589428
0.5149787664413452
1.5668052810724475e-06
7.442930041179352e-07
0.3347969055175781
1.888197220978327e-05
0.001765660010278225
0.9950568675994873
0.9839194416999817
0.06431124359369278
5.107189693376313e-08
0.998945415019989
9.202718160850054e-07
0.9960427284240723
0.9998844861984253
0.0005408806027844548
0.8990398049354553
0.9873344898223877
0.989402174949646
0.004462461452931166
0.0197000689804554
0.9999998807907104
0.7582390308380127
0.9999879598617554
0.9926729798316956
0.3765322268009186
0.3412573039531708
0.7993239760398865
0.002861986868083477
8.043573870963883e-06
0.0016262518474832177
2.2518129298987333e-06
0.9999815225601196
0.4819798767566681
0.999995231628418
0.9324332475662231
0.03760660067200661
0.00013601624232251197
0.9813216328620911
0.000355260242940858
2.729279913182836e-07
0.6094470024108887
0.000852961209602654
0.9998869895935059
5.11479356646305e-07
0.9861495494842529
0.9996001124382019
2.468435695845983e-06
0.0032044644467532635
0.5081020593643188
6.864939496153966e-05
1.3781767847831361e-05
0.9987107515335083
0.018380241468548775
2.1543773698340374e-07
4.423488775273654e-08
0.01665913499891758
0.9830167889595032
0.9791179895401001
0.9070124626159668
1.2221488532304647e-06
8.477032679365948e-06
2.6559497200651094e-05
0.004245582967996597
7.551891485491069e-06
2.968392254842911e-05
0.0017945407889783382
0.0011286019580438733
0.9998525381088257
0.015941046178340912
7.043197314260397e-08
0.9829294681549072
0.0051468354649841785
0.0005856956704519689
1.70287205492059e-06
0.0013756976695731282
9.915301052387804e-05
0.9991770386695862
3.229174035368487e-05
0.637292742729187
0.004702819976955652
0.9961004257202148
0.9999185800552368
0.9989878535270691
0.017600135877728462
0.01010727509856224
0.9999978542327881
0.653472363948822
0.00011287990491837263
0.7644650340080261
0.9992985725402832
0.002183321164920926
0.03316901624202728
0.39399030804634094
0.9999456405639648
0.624727189540863
0.0023855280596762896
0.6212432384490967
0.9979028701782227
0.0005151178920641541
0.00019133987370878458
0.9063331484794617
0.8130605816841125
0.9956811666488647
0.9999979734420776
0.001167014124803245
0.9973422884941101
0.999998927116394
0.9999704360961914
0.00019810411322396249
0.6543646454811096
0.011498784646391869
0.8894570469856262
0.03952782601118088
0.0002696600859053433
0.0053574563935399055
0.27840456366539
0.0014471984468400478
0.01379441563040018
0.999886155128479
0.9908490180969238
0.0002790994185488671
0.999786913394928
0.012889155186712742
0.0027687475085258484
1.6249698091996834e-05
0.9788059592247009
0.013583503663539886
0.9999667406082153
0.9999812841415405
0.9858841300010681
0.000740086892619729
0.9553890228271484
0.27010855078697205
2.7453739903648966e-07
0.9958531856536865
9.778280218597502e-05
0.22668281197547913
1.8701992303249426e-05
0.6432892084121704
0.0036717380862683058
0.0007186291040852666
9.813524229684845e-05
0.018117543309926987
0.07524605840444565
0.9999867677688599
0.9999279975891113
0.9999997615814209
4.002422429039143e-07
4.485906538320705e-05
0.003643140196800232
2.674471033969894e-05
0.9999821186065674
1.41401045539169e-07
0.7790846228599548
3.1169283829513006e-06
0.9999988079071045
0.9996479749679565
0.046393901109695435
0.034210897982120514
0.6104782223701477
0.0942632183432579
0.6314387321472168
0.831878662109375
1.4624676225594158e-07
0.0002749656850937754
0.9999862909317017
0.0047050355933606625
4.643310603569262e-05
0.9999920129776001
1.8389167166787956e-07
0.02761407569050789
0.3182131350040436
6.284721621341305e-06
2.7059597414336167e-05
0.4299956262111664
0.9999855756759644
3.0713374599145027e-07
0.974948525428772
0.00011755679588532075
9.594474249752238e-05
1.0366131952821434e-08
0.5597372055053711
6.346771897369763e-06
6.514249253086746e-05
4.3713490072150307e-07
0.9971785545349121
0.039963915944099426
0.9881138205528259
0.14051195979118347
0.995545506477356
0.9986823201179504
0.011030781082808971
0.9991225600242615
0.9999998807907104
0.43353840708732605
0.015332652255892754
0.984307050704956
4.0164169945455797e-07
0.9999407529830933
0.9960241317749023
0.9999990463256836
0.01111444178968668
0.99989914894104
0.7424759864807129
0.9999871253967285
0.9999985694885254
1.0
0.27426329255104065
0.9999624490737915
0.9803380966186523
0.006831631064414978
0.0028096907772123814
0.9651008248329163
0.9999918937683105
0.6972208023071289
2.057570600300096e-05
0.9999532699584961
0.999932050704956
0.999883770942688
0.49735549092292786
0.9999955892562866
0.9999971389770508
0.494566410779953
0.9999270439147949
0.04172210767865181
0.0032716202549636364
0.027245959267020226
0.9998914003372192
0.4869237244129181
0.992119312286377
0.9406484365463257
0.925869882106781
0.976113498210907
0.9999971389770508
0.9932852983474731
1.0
0.9976792931556702
0.9964413046836853
0.7733252048492432
0.9980541467666626
0.9982977509498596
0.23254390060901642
0.3566893935203552
0.9736977815628052
0.9332829713821411
0.0001988419535337016
0.998900294303894
0.9999997615814209
0.9973680377006531
0.938325047492981
0.9994933605194092
0.9851285219192505
0.9999951124191284
0.999997615814209
0.9761493802070618
0.02301831915974617
0.9979695677757263
0.7141304612159729
0.9999661445617676
0.8293914794921875
0.9999990463256836
0.9999473094940186
0.9953559637069702
0.9999421834945679
0.27241218090057373
0.8418587446212769
0.014517516829073429
0.9999716281890869
0.9983844757080078
0.015210061334073544
0.3878942131996155
1.1921440091100521e-05
0.0633869469165802
0.9993544220924377
0.9934872388839722
0.9734479784965515
0.9998903274536133
0.0019812292885035276
0.9781138896942139
0.9994674324989319
0.9995332956314087
0.9678660035133362
0.8228276968002319
0.9801402688026428
0.9991769194602966
0.9854361414909363
0.9999221563339233
0.9985509514808655
0.9965163469314575
0.9490929245948792
0.0008258868474513292
0.9954279661178589
0.004658124875277281
0.0003506608190946281
5.51857874597772e-06
0.9755128026008606
0.9999997615814209
0.999778687953949
0.999993085861206
0.9999996423721313
0.9982686042785645
0.9999850988388062
0.9933450222015381
0.9953202605247498
0.9980985522270203
0.9999910593032837
0.9999704360961914
0.8748440146446228
0.9573521018028259
0.8000383973121643
0.9818668365478516
0.9999947547912598
0.9944626688957214
0.9966402053833008
0.008770284242928028
0.929755687713623
0.9814649224281311
0.9999990463256836
0.9995089769363403
0.999813973903656
0.9001714587211609
0.9999927282333374
0.005871257744729519
0.9999972581863403
0.00559847941622138
0.9998693466186523
0.9999884366989136
0.13745753467082977
0.13351210951805115
0.001021063420921564
0.007186857517808676
0.9803907871246338
0.5505805015563965
0.9993256330490112
0.9999998807907104
0.006540293339639902
0.9966797828674316
0.9999980926513672
0.9999815225601196
0.999488115310669
0.9992607235908508
0.9940127730369568
0.9998714923858643
0.9859601259231567
0.48859843611717224
0.9999998807907104
0.9999997615814209
0.11988066136837006
0.09316929429769516
1.0
0.9999953508377075
0.9961393475532532
0.8102312088012695
0.040665581822395325
0.999811589717865
0.004258457105606794
0.9998875856399536
0.1706470251083374
0.9972373247146606
1.4404411558643915e-05
0.9999716281890869
0.9996365308761597
0.998354971408844
0.9913274645805359
0.001553314388729632
0.4111287593841553
0.013937965035438538
0.9993975162506104
0.00025833427207544446
0.0003205591347068548
0.008455871604382992
0.003136182902380824
0.9932785630226135
0.5339252948760986
0.00011502283450681716
0.9993485808372498
0.020264070481061935
0.00014390141586773098
0.9999982118606567
0.9999066591262817
4.697472832049243e-06
0.5173868536949158
1.0
0.9999939203262329
0.9992213249206543
0.9999368190765381
0.0005377077613957226
0.003353206440806389
0.9999963045120239
0.8262892365455627
0.6917396783828735
0.0061950357630848885
0.004925384186208248
0.9999942779541016
0.25173982977867126
0.9042601585388184
0.0034705093130469322
0.9999992847442627
0.002721091266721487
0.997403085231781
0.9999655485153198
0.9999995231628418
0.0046798898838460445
0.9885473251342773
0.8979219794273376
0.0009569067624397576
0.13482896983623505
0.9999980926513672
0.9999997615814209
0.9767994284629822
0.0001178839011117816
0.9998358488082886
0.9999971389770508
0.0001608895545359701
0.9996832609176636
0.9940491914749146
0.2889813780784607
0.19843964278697968
0.9973424077033997
0.0924530103802681
0.9999969005584717
1.8872433429351076e-05
0.9649562835693359
0.999821126461029
0.005149154923856258
0.9999964237213135
0.0003377795801497996
0.999685525894165
0.9996155500411987
0.9940195083618164
0.999998927116394
0.2507132291793823
0.28256112337112427
3.7018355214968324e-05
0.0048652333207428455
0.0006485719350166619
0.9995183944702148
0.573796272277832
0.9923183917999268
0.9999995231628418
0.9802605509757996
0.9999899864196777
0.00033665067167021334
0.8214064836502075
0.9977455735206604
0.9999539852142334
0.7494818568229675
0.1272333562374115
0.9999998807907104
0.989296019077301
0.256162166595459
0.017499133944511414
0.6917802691459656
0.9994469285011292
0.0022035688161849976
4.470737258088775e-05
0.9991662502288818
0.920763373374939
0.0030637909658253193
0.9999890327453613
0.9999340772628784
4.5657063310500234e-05
1.9301937470572739e-07
0.01133494172245264
0.9334022998809814
0.9303707480430603
0.014351032674312592
0.0003931139945052564
0.8892328143119812
0.9999507665634155
0.9999392032623291
0.9999997615814209
0.9510363936424255
6.259557267185301e-06
0.7780682444572449
0.9979143738746643
0.9960287809371948
0.9938716888427734
0.9996269941329956
0.000512623053509742
1.6661157133057714e-05
0.9999996423721313
0.08210540562868118
0.9176307916641235
8.778083326888009e-08
0.341625839471817
0.9999982118606567
0.9797341227531433
0.620094895362854
0.09532713145017624
0.000684870348777622
0.9967432618141174
0.1354256272315979
0.4493753910064697
0.9996861219406128
0.999971866607666
0.9998551607131958
0.9947181344032288
2.5633844416006468e-05
0.0006131509435363114
0.9999856948852539
0.4090600907802582
0.9974259734153748
0.5102863311767578
0.9580578804016113
1.2721467328447034e-06
0.9999512434005737
0.9972993731498718
9.003364539239556e-05
0.35661229491233826
0.0001089202705770731
1.2577619600051548e-05
0.9999992847442627
0.013010394759476185
0.000594528391957283
0.9994046688079834
0.9999659061431885
0.04429321736097336
2.2229692149267066e-06
0.03118230029940605
0.15488776564598083
0.9942544102668762
0.790115475654602
0.6983008980751038
0.8373239040374756
0.03373706713318825
0.8541792035102844
0.00036164658376947045
0.702576220035553
2.6886533305514604e-05
0.9996685981750488
0.9999895095825195
1.0
0.09831341356039047
0.999991774559021
0.9884352684020996
0.9971345663070679
8.874138075043447e-06
0.0002447106526233256
0.9999998807907104
0.999998927116394
0.9999998807907104
0.6193208694458008
0.99130779504776
0.999722421169281
0.8699281811714172
0.9872298836708069
0.9972772002220154
0.9999957084655762
0.9716753959655762
6.34289754088968e-05
0.9996641874313354
0.9999929666519165
0.9999997615814209
0.9996042847633362
0.9725062847137451
2.8070524422219023e-05
0.995032548904419
0.9999996423721313
0.03203704580664635
0.9833906888961792
0.9900878071784973
3.999795444542542e-05
0.8887866139411926
0.9746934771537781
0.999985933303833
0.9999661445617676
0.9999926090240479
0.9999998807907104
0.15369492769241333
0.004195230081677437
0.08269286155700684
2.0334076111794275e-07
0.8085722327232361
0.9953532218933105
3.353696592967026e-05
0.9999934434890747
6.863133990009374e-07
0.0009771520271897316
0.9483959674835205
0.0366741307079792
0.9999897480010986
0.9981977343559265
1.0
0.6522175073623657
0.25226378440856934
0.9999810457229614
0.002730746055021882
0.15088191628456116
0.9434925317764282
0.9999991655349731
0.32365453243255615
7.253144576679915e-05
0.9990917444229126
0.0006739380187354982
0.9999997615814209
0.9953108429908752
0.6807429790496826
0.9999457597732544
0.9999840259552002
0.9944816827774048
0.9910175800323486
0.774179220199585
0.9876048564910889
0.9998712539672852
0.9994456171989441
0.9999481439590454
0.9994767308235168
0.0018197204917669296
0.027023162692785263
0.9999608993530273
0.011491053737699986
0.9999921321868896
0.9900687336921692
0.9622485637664795
0.037220682948827744
0.9998050332069397
0.9921384453773499
0.7264074087142944
0.24854815006256104
0.018456140533089638
0.05749615281820297
0.0006659126374870539
0.9999164342880249
8.463719495921396e-06
0.9976851940155029
0.9992029070854187
0.9990222454071045
0.9721124172210693
8.297313615912572e-05
0.9999833106994629
3.6547410218190635e-06
0.9999854564666748
0.9999967813491821
0.9999997615814209
0.9999834299087524
0.9999821186065674
0.9941055774688721
0.00655922619625926
0.8983936905860901
0.0030413158237934113
0.9999984502792358
0.9999988079071045
0.9999995231628418
0.4907313585281372
0.7699713110923767
0.9999507665634155
0.9832399487495422
0.08786741644144058
0.9954347014427185
0.0066161504946649075
0.9999983310699463
0.9999957084655762
0.31816571950912476
0.9997658133506775
0.9545185565948486
0.9977052807807922
0.9991567134857178
0.49065685272216797
0.9998158812522888
0.8232542276382446
0.9999445676803589
0.9823169708251953
0.9561001062393188
0.9999922513961792
0.9999980926513672
0.9986423850059509
0.0005828044377267361
0.238419771194458
0.9999415874481201
0.36641910672187805
0.7653777003288269
0.004337661433964968
0.9970924854278564
0.004052374511957169
1.0
0.9999997615814209
0.9999001026153564
0.10806907713413239
1.0
0.9997548460960388
0.007826272398233414
0.7640127539634705
0.2526150047779083
0.050654709339141846
0.9999799728393555
0.9998894929885864
0.99996018409729
0.9999504089355469
0.999947190284729
0.0002650725655257702
0.004325119778513908
0.9999966621398926
0.9998990297317505
0.004276480060070753
0.9999967813491821
0.3009849190711975
0.03704871982336044
0.9995461106300354
0.9998761415481567
0.0015096456045284867
0.3935168981552124
0.9999597072601318
0.44676673412323
0.9999498128890991
0.0030764518305659294
0.010094107128679752
0.9998230338096619
0.9979658126831055
0.3175813555717468
0.11867091059684753
0.9898239970207214
0.9985223412513733
0.9998855590820312
0.658693790435791
0.9997935891151428
0.9292423725128174
0.4198650121688843
0.9238193035125732
0.9059574604034424
0.9159080982208252
0.1442711502313614
0.9924671053886414
0.28953373432159424
0.6080902814865112
0.9998822212219238
1.0
0.000695256341714412
0.6146508455276489
0.0006473479443229735
0.2432352751493454
0.9999998807907104
0.0016885888762772083
0.4791140556335449
0.9653044939041138
0.034998711198568344
0.9999997615814209
0.9999998807907104
0.9999997615814209
0.9999945163726807
0.40196025371551514
5.536006938200444e-05
0.9999897480010986
0.9999889135360718
0.2263386845588684
0.9999990463256836
0.1990213543176651
0.999512791633606
0.9999891519546509
0.6138328909873962
0.901083767414093
0.9998811483383179
3.5844031742726656e-08
0.00446944497525692
0.8467766642570496
2.293857505719643e-06
0.9588327407836914
0.0650300607085228
0.02062113955616951
0.46443766355514526
0.03296920284628868
0.9736102223396301
1.6954585362327634e-06
0.8967375159263611
0.42969295382499695
0.02027612179517746
0.005690718535333872
0.9642877578735352
0.9999915361404419
1.0
0.1928952932357788
0.9739941954612732
0.9999935626983643
0.0031200412195175886
0.5253787040710449
0.7834344506263733
0.2369753122329712
0.7391816973686218
0.9955508708953857
0.99998939037323
0.24918530881404877
0.9848121404647827
0.9999961853027344
0.042192623019218445
0.17025449872016907
0.9978000521659851
0.7462251782417297
0.9997432827949524
0.20505647361278534
0.9999935626983643
0.5091831088066101
0.9994695782661438
0.9985345602035522
0.2324855476617813
0.08647783100605011
0.14289261400699615
0.9974514842033386
0.960098147392273
0.9835119843482971
0.028617629781365395
0.9999746084213257
0.4410208463668823
0.8798272013664246
2.7431535272626206e-05
0.563116729259491
0.0007573925540782511
0.9974737763404846
0.9996627569198608
0.02688492462038994
9.362466926177149e-07
0.03659580275416374
3.720554377650842e-05
0.9999982118606567
0.9999912977218628
0.9999891519546509
0.9924581050872803
0.7589067816734314
0.9881467223167419
0.9999998807907104
0.9992656111717224
0.9999282360076904
0.9999998807907104
0.9971712231636047
0.9987614154815674
0.9993487000465393
0.34075483679771423
0.9999585151672363
0.996414303779602
0.00792753230780363
0.9999997615814209
0.9998154044151306
0.9970867037773132
0.9975888729095459
0.0008264237549155951
0.9999281167984009
0.9628854393959045
0.999985933303833
0.9991674423217773
0.9999591112136841
0.9999992847442627
0.9437285661697388
0.007754354737699032
6.242323706828756e-06
0.006251334212720394
0.9987452030181885
0.8682124614715576
0.03278348222374916
0.9999992847442627
0.0011734928702935576
0.0004353289841674268
0.9998553991317749
0.9995495676994324
0.9981697797775269
0.9790746569633484
0.9998511075973511
0.8982597589492798
0.8360617756843567
0.3193301856517792
0.03459927439689636
0.397841215133667
0.7925523519515991
0.9999998807907104
0.9999985694885254
2.7438127290224656e-05
0.015864988788962364
0.08210881799459457
0.9547880291938782
0.9999996423721313
0.9999772310256958
0.0009402439463883638
0.9996161460876465
0.9991747736930847
0.9811010360717773
0.9819648861885071
0.9999998807907104
0.9974002838134766
0.9998948574066162
0.9886202812194824
0.9992201328277588
0.9427817463874817
0.9895864129066467
0.9991375207901001
0.9999701976776123
0.9988094568252563
0.9884263277053833
0.9994707703590393
0.9999427795410156
0.9982215762138367
0.999800980091095
0.9999998807907104
0.9999949932098389
0.005486419890075922
0.9999897480010986
0.9999988079071045
0.04531753808259964
0.022631509229540825
0.9993892908096313
0.9983519315719604
0.00015921021986287087
0.9999998807907104
0.9999945163726807
0.0014744875952601433
0.9181638956069946
0.9999959468841553
0.0005151100340299308
0.5755082368850708
0.9813115000724792
0.9998574256896973
0.9999992847442627
0.9999997615814209
0.9900700449943542
0.9999914169311523
0.9999692440032959
3.4936991141876206e-05
0.9999969005584717
0.9871488213539124
0.9999558925628662
0.7546151876449585
0.9959055185317993
0.2354307919740677
0.24149593710899353
0.999985933303833
0.9913946986198425
0.990435004234314
1.0
0.03448176383972168
0.006648244336247444
0.9999717473983765
0.9999935626983643
0.8191137909889221
0.9999556541442871
0.9997585415840149
0.00010568321886239573
0.9999953508377075
0.9999985694885254
0.010307546705007553
0.9995926022529602
0.3188721537590027
0.9999974966049194
0.9999948740005493
0.9998018145561218
0.8891609907150269
1.0139781352336286e-06
0.9964471459388733
0.9999829530715942
0.9999996423721313
0.8273244500160217
0.6859477162361145
1.2117958192447986e-07
0.8143165111541748
0.9905216693878174
0.9999409914016724
0.4227616786956787
0.9990763664245605
9.788276429389953e-07
0.9980971217155457
0.044487062841653824
0.21000000834465027
0.9999014139175415
0.9820889234542847
0.9812100529670715
0.999948263168335
0.9998090863227844
0.9996942281723022
0.9662958979606628
0.8580297827720642
0.9988394379615784
0.04806901887059212
0.999969482421875
0.9491674304008484
0.9999885559082031
0.9999985694885254
0.0002508687030058354
0.5666853189468384
0.9999997615814209
0.9999923706054688
0.9999979734420776
0.9993435740470886
0.9991232752799988
0.12376732379198074
0.9999966621398926
0.08037075400352478
0.9993230104446411
0.0003383103176020086
0.8249009251594543
0.9543118476867676
0.012020033784210682
0.9039307236671448
