0.0001396736188326031
0.8905218243598938
0.062151454389095306
0.7705364227294922
0.05085170269012451
0.04767822101712227
0.007065675221383572
0.9993112087249756
0.00947272963821888
0.0025319119449704885
0.0023285276256501675
0.0014417993370443583
0.9670435786247253
0.02407926134765148
0.8618226647377014
0.2652227580547333
0.977049708366394
0.005526105873286724
0.010641329921782017
0.049664732068777084
0.02416437864303589
0.8267940878868103
0.24456170201301575
0.0058436826802790165
0.9595890045166016
0.007418514229357243
0.005655181594192982
0.999738872051239
0.8127279281616211
0.6775269508361816
0.18671727180480957
0.146405890583992
0.8077061772346497
0.19777138531208038
0.0029953212942928076
0.14431606233119965
0.969196081161499
0.6106404066085815
0.4779496192932129
0.8809574246406555
0.17597781121730804
0.48527267575263977
0.8906010985374451
0.11471164226531982
0.05377741530537605
0.0059142024256289005
0.2615239918231964
0.0036108698695898056
0.9867975115776062
0.22574657201766968
0.0022184373810887337
0.021871915087103844
0.0014681769534945488
0.9992535710334778
0.9991468191146851
0.7446882724761963
0.4479883909225464
0.16725751757621765
0.17006193101406097
0.024928264319896698
0.9418020248413086
0.06977583467960358
0.9659071564674377
0.05325396731495857
0.7671808004379272
0.4137912392616272
0.7303062081336975
0.998478353023529
0.9649853706359863
0.8749014139175415
0.2251785844564438
0.006007156800478697
0.6265615820884705
0.9999773502349854
0.08498813956975937
0.46260273456573486
0.037038978189229965
0.9852063059806824
0.9994717240333557
0.0015957532450556755
0.15755462646484375
0.09992509335279465
0.8757080435752869
0.0032994085922837257
0.16428279876708984
0.9558858871459961
0.5890429019927979
0.011414023116230965
0.5760701894760132
0.15126529335975647
0.999881386756897
0.9464601874351501
0.9890404343605042
0.19306069612503052
0.9999502897262573
0.9977566599845886
0.1204536184668541
0.928912341594696
0.8064520955085754
0.029061557725071907
0.02377811260521412
0.0031111184507608414
0.06655184179544449
0.8992106914520264
0.7917453646659851
0.012503397651016712
0.0833466574549675
0.9995477795600891
0.20605400204658508
3.314964487799443e-05
0.25417760014533997
0.8449811935424805
0.9925673007965088
0.716448187828064
0.9999862909317017
0.3216749131679535
0.15174634754657745
0.111160047352314
0.3444680869579315
0.005117602646350861
0.9933463335037231
0.8468303084373474
0.1217418685555458
0.1604141891002655
0.7559096813201904
0.004898004699498415
0.9193849563598633
0.990917980670929
0.0031850049272179604
0.9289175868034363
0.2946954369544983
0.9997584223747253
0.688311755657196
0.5663606524467468
0.004653669893741608
0.5842447876930237
0.5810388922691345
0.1105937510728836
0.0008345555979758501
0.0009024320170283318
0.968062162399292
0.6494626998901367
0.008523979224264622
0.9904959201812744
0.9846248626708984
0.008783761411905289
0.0010402121115475893
0.848905622959137
0.9795231819152832
0.9999421834945679
0.9995606541633606
0.9996297359466553
0.9992976188659668
0.7887704372406006
0.2095065414905548
0.9999780654907227
0.597993791103363
0.9748845100402832
0.3050251007080078
0.8562409281730652
0.5759173035621643
0.1575840562582016
0.9854481816291809
0.6715463995933533
0.9990823268890381
0.9925893545150757
0.9996211528778076
0.98785001039505
0.18483439087867737
0.999721348285675
0.9976266026496887
0.9998912811279297
0.11241603642702103
0.9999969005584717
0.4615708589553833
0.00035614953958429396
0.798230767250061
0.9359350204467773
0.9995543360710144
0.19830355048179626
0.7297282218933105
0.449001282453537
0.9990236759185791
0.9860410094261169
0.0022339236456900835
0.35523441433906555
0.0010321559384465218
0.20982365310192108
0.9797933101654053
0.0003115028375759721
0.00746271712705493
0.01642184518277645
0.23641802370548248
0.9979246854782104
0.29534590244293213
0.010437332093715668
0.07998774945735931
0.02620837651193142
0.750899076461792
0.08839858323335648
0.5476135015487671
0.00015648304542992264
0.00047401178744621575
0.2725902497768402
0.4232385754585266
0.07312757521867752
0.00021103207836858928
0.6104306578636169
0.0013217200757935643
0.0007595308707095683
0.8355356454849243
0.9759280681610107
0.2149406522512436
0.04537130892276764
0.04604882374405861
0.9981492757797241
0.4138650596141815
0.002598782768473029
0.008785450831055641
0.9999793767929077
0.984980046749115
0.9800573587417603
0.024600977078080177
0.9932788014411926
0.10431931912899017
0.05758582800626755
0.5735964179039001
0.999858021736145
0.9903619289398193
0.5360506176948547
0.7851852178573608
0.9990536570549011
0.999612033367157
0.9999542236328125
0.999817430973053
0.9992303848266602
0.9608829617500305
0.9908041954040527
0.9997883439064026
0.9992780089378357
0.9999966621398926
0.02826092578470707
0.013117042370140553
0.008495471440255642
0.031585291028022766
0.002101824153214693
0.006313460413366556
0.4196716248989105
0.9971724152565002
0.9724276065826416
0.9999520778656006
0.9995735287666321
0.6978335976600647
0.9986007809638977
0.9899083375930786
0.9997394680976868
0.7239986062049866
0.9519940614700317
0.00030175919528119266
0.024085815995931625
0.9972227811813354
0.9510302543640137
0.0010845636716112494
0.9996247291564941
0.7008603811264038
0.003024695673957467
0.021455813199281693
0.0031669572927057743
0.03824320808053017
0.9495754241943359
0.0329122357070446
0.2758221924304962
0.8173865079879761
0.060200583189725876
0.01616993173956871
0.0005685499054379761
0.021792910993099213
0.985346794128418
0.015769219025969505
0.013701806776225567
0.014585772529244423
0.6474103331565857
0.04497068002820015
0.07906441390514374
0.023795729503035545
0.45596829056739807
0.009992608800530434
0.1776210516691208
0.18431751430034637
0.10121157020330429
0.09528826922178268
0.006536826491355896
0.006763780489563942
0.9999212026596069
0.015652161091566086
0.00019254557264503092
0.9999022483825684
0.9946211576461792
0.428255558013916
0.9995424747467041
0.9550502896308899
6.781893171137199e-05
0.9974333643913269
0.782267153263092
0.23867875337600708
0.15839849412441254
0.233491912484169
0.043151479214429855
0.00015057918790262192
0.01457524299621582
0.16103142499923706
0.0034618224017322063
0.03496106341481209
0.0017756079323589802
0.8173830509185791
0.007288735825568438
0.0007815887220203876
0.023124070838093758
0.9967007040977478
0.9901160597801208
0.24890732765197754
0.9996895790100098
0.9969878792762756
0.253632515668869
0.9634533524513245
0.9313370585441589
0.023571424186229706
0.5701709985733032
0.028710629791021347
0.10806483775377274
0.13977724313735962
0.9987548589706421
0.4665455222129822
0.0377059206366539
0.25434252619743347
0.008185939863324165
0.9999779462814331
0.00021282097441144288
0.015440085902810097
0.9999954700469971
0.003805810119956732
0.03029611147940159
0.031592920422554016
0.12208914756774902
0.6390540599822998
0.9998894929885864
0.016958087682724
0.9203835129737854
0.9989234805107117
0.007378593552857637
0.5158700346946716
0.5544551610946655
0.001262524165213108
0.0737312063574791
0.008397895842790604
0.9959867596626282
0.9925541281700134
0.015892691910266876
0.6153874397277832
0.020253300666809082
0.03129446133971214
0.007196669466793537
0.04749735817313194
6.082708205212839e-05
0.006563257891684771
0.010805628262460232
0.849285364151001
0.9964225888252258
0.036232125014066696
0.37333258986473083
0.8508973121643066
0.995328426361084
0.17843207716941833
0.13188976049423218
0.2288690209388733
0.005757238250225782
0.02172488532960415
0.1009705662727356
0.09877412021160126
0.890522301197052
0.000107713567558676
0.935941219329834
0.033572420477867126
0.9749646186828613
0.05015760660171509
0.9101478457450867
0.009262874722480774
0.1591469943523407
0.9006547331809998
0.8002145886421204
0.4266693890094757
0.5195996761322021
0.9898658394813538
0.01653728447854519
0.31855785846710205
0.09564977139234543
0.001385968178510666
0.004709548316895962
0.8953050374984741
0.420558899641037
0.01041755173355341
0.9999022483825684
0.9594697952270508
0.02529679238796234
0.9989270567893982
0.045320913195610046
0.10587974637746811
0.5777015089988708
0.8839138746261597
0.9895929098129272
0.9999860525131226
0.7336061000823975
0.3809289336204529
0.5796213150024414
0.9996590614318848
0.6564249396324158
0.003952295519411564
0.8547298908233643
0.9992176294326782
0.011656136251986027
0.05909252166748047
0.017917577177286148
0.12159550189971924
0.32277992367744446
0.8973087072372437
0.6000776290893555
0.5882115364074707
0.5770866870880127
0.45259958505630493
0.1401907503604889
0.999954342842102
0.4255332946777344
0.9885209798812866
0.12061065435409546
0.9844883680343628
0.4092026948928833
0.23491866886615753
0.9995625615119934
0.6633481383323669
0.8332298398017883
0.9422832727432251
0.020754564553499222
0.9999808073043823
0.12527142465114594
0.9950597286224365
0.6874237060546875
0.9884280562400818
0.9275217652320862
0.9999732971191406
0.9498540759086609
0.9524914026260376
0.7123464345932007
0.7266326546669006
0.0066390871070325375
0.7634647488594055
0.9402441382408142
0.05397031083703041
0.8664335012435913
0.9523118138313293
0.016412552446126938
0.9823209047317505
0.3808498978614807
0.017253510653972626
0.9854624271392822
0.7307559251785278
0.6156092882156372
0.9175534844398499
0.14662232995033264
0.44121599197387695
0.8327904343605042
0.9430285692214966
0.08672108501195908
0.9484951496124268
0.9992557168006897
0.9995843768119812
0.9999905824661255
0.9179884791374207
0.9989237189292908
0.965817928314209
0.9901543259620667
0.9460009932518005
0.9984281063079834
0.9986417889595032
0.9528195261955261
0.9316743016242981
0.34005317091941833
0.9996165037155151
0.3613424003124237
0.5869140028953552
0.8372923731803894
0.9997021555900574
0.9991900324821472
0.7381084561347961
0.9738714098930359
0.9995244741439819
0.7566226720809937
0.6730025410652161
0.9164719581604004
0.016676686704158783
0.027025621384382248
0.9959795475006104
0.9999837875366211
0.9928669929504395
0.9729635715484619
0.04685913771390915
0.79828280210495
0.9817793965339661
0.1498233675956726
0.032704342156648636
0.6253193616867065
0.9991753697395325
0.03251904249191284
0.9808031320571899
0.13538366556167603
0.018010759726166725
0.9999752044677734
0.9988487958908081
0.9977465271949768
0.00929283257573843
0.017774445936083794
0.12382489442825317
0.9926393032073975
0.9998787641525269
0.9807543754577637
0.9286332726478577
0.09172262996435165
0.04026249796152115
0.22656889259815216
0.904389500617981
0.6555938124656677
0.10362029075622559
0.6529819369316101
0.9980206489562988
0.7354006767272949
0.9999078512191772
0.2300068736076355
0.9982932209968567
0.9999963045120239
0.9993758797645569
0.13933484256267548
0.10231732577085495
0.831489086151123
0.7973490357398987
0.35622528195381165
0.6663846373558044
0.7217478156089783
0.9999822378158569
0.9998968839645386
0.017216866835951805
0.00784207507967949
0.12084349989891052
0.9999995231628418
0.0022950482089072466
0.251713365316391
0.1440567523241043
0.5252071022987366
0.9956717491149902
0.08317877352237701
0.9982082843780518
0.9998399019241333
0.9945676326751709
0.9577682018280029
0.9999126195907593
0.9999860525131226
0.9805067777633667
0.9896014332771301
0.9520773887634277
0.9765180945396423
0.028182433918118477
0.9587141871452332
0.09452801942825317
0.05525748059153557
0.944936990737915
0.9977725148200989
0.7880171537399292
0.9899324178695679
0.26142022013664246
0.015421359799802303
0.9302970170974731
0.997528612613678
0.8634339570999146
0.5664675235748291
0.8051989674568176
0.9999091625213623
0.9999995231628418
0.9862287044525146
0.9891798496246338
0.9447146654129028
0.9806263446807861
0.17740440368652344
0.9785997271537781
0.9999942779541016
0.5953643918037415
0.08335505425930023
0.9997561573982239
0.010962710715830326
0.7973160147666931
0.8649364709854126
0.9735819697380066
0.9993762373924255
0.8902905583381653
0.022397249937057495
0.28013455867767334
0.9793478846549988
0.07096623629331589
0.9971261620521545
0.9993982315063477
0.5992841124534607
0.9979029893875122
0.1779673546552658
0.9565063118934631
0.803138256072998
0.9997171759605408
0.7328344583511353
0.004490145016461611
0.16410250961780548
0.9843963384628296
0.9983488321304321
0.9986016154289246
0.019652651622891426
0.9917831420898438
0.0007644300349056721
0.5201164484024048
0.00841156579554081
0.999757707118988
0.027402915060520172
0.02465805970132351
0.12206185609102249
0.7712513208389282
0.05286755785346031
0.012638258747756481
0.09554547071456909
0.0016004170756787062
0.14061115682125092
0.002092902082949877
0.9998378753662109
0.2256966382265091
0.009595190174877644
0.7176337242126465
0.019602620974183083
0.02231406979262829
0.053665973246097565
0.15814590454101562
0.9973015189170837
0.9957125186920166
0.2387562245130539
0.027804335579276085
0.01886109821498394
0.10037586838006973
0.010370426811277866
0.007597398012876511
0.00022277375683188438
0.2137453258037567
0.011013368144631386
0.9997530579566956
0.0576622374355793
0.24742072820663452
0.602900505065918
0.999531626701355
0.9971445202827454
0.016611924394965172
0.02431921847164631
0.014786116778850555
0.8461322784423828
0.017363877967000008
0.009091508574783802
0.21396170556545258
0.016664821654558182
0.614947497844696
0.9884130358695984
0.02005733922123909
0.6282219886779785
0.06953305006027222
0.00088714953744784
0.015438948757946491
0.00019395945128053427
0.08107226341962814
0.008738516829907894
0.8085102438926697
0.0005009624874219298
0.006018758285790682
0.0025787753984332085
0.7960415482521057
0.665471076965332
0.07822650671005249
0.08069778978824615
0.00600786879658699
0.42044293880462646
0.07771750539541245
0.9506299495697021
0.9578927755355835
0.038034599274396896
0.3416656255722046
0.043931473046541214
0.00602607149630785
0.060764603316783905
0.003026205813512206
0.008952150121331215
0.30500528216362
0.004111793823540211
0.20200085639953613
0.03315427154302597
0.1342027187347412
0.006367331370711327
0.0017687809886410832
0.0022170329466462135
0.0011793999001383781
0.5655043721199036
0.039543867111206055
0.1987224817276001
0.06855759769678116
0.001613224041648209
0.036577049642801285
7.288310735020787e-05
0.045545630156993866
0.8834840655326843
0.9793477654457092
0.03760506212711334
0.020894378423690796
0.0019794858526438475
0.1331883668899536
0.0015652112197130919
0.5281674265861511
0.9996787309646606
0.05174890533089638
0.10829567909240723
0.9687939882278442
0.9999135732650757
0.6805269718170166
0.21530047059059143
0.15701475739479065
0.9694063067436218
0.030718492344021797
0.11602719873189926
0.5115138292312622
0.0016813554102554917
0.001455785590223968
0.001363656367175281
0.04978131130337715
0.9999884366989136
0.00014667709183413535
0.9999204874038696
0.2562367618083954
0.12124184519052505
0.0042179664596915245
0.6172263026237488
0.2636359632015228
0.031464122235774994
0.48954299092292786
0.9938430786132812
3.979466782766394e-05
0.4189602732658386
0.9318466186523438
0.6982659101486206
0.0017081284895539284
0.028859248384833336
0.9997370839118958
0.09134948253631592
0.23573003709316254
0.030529703944921494
0.4459817707538605
0.14596308767795563
0.04799971729516983
0.11054550856351852
0.0021229679696261883
0.4731508195400238
0.8475998044013977
0.05791628733277321
0.7702091336250305
0.6173185706138611
0.10514083504676819
0.9831950068473816
0.050437234342098236
0.8923952579498291
0.9975831508636475
0.022142872214317322
0.037028972059488297
0.003484036773443222
0.6781592965126038
0.3567467927932739
0.17950816452503204
0.9999916553497314
0.001315296976827085
0.0028006844222545624
0.9958835244178772
0.12511371076107025
0.8995770215988159
0.94098961353302
0.004522650968283415
0.06657689064741135
0.0010073891608044505
0.03937073424458504
0.501579761505127
0.9979483485221863
0.005168167408555746
0.004470620304346085
0.002868115436285734
0.021822743117809296
0.059647899121046066
0.0009462283342145383
0.9485827088356018
0.0815497487783432
0.806285560131073
0.9791776537895203
0.3761161267757416
0.02038503624498844
0.7490015029907227
0.0006383807631209493
0.7043829560279846
0.026757419109344482
0.007763966917991638
0.003296602750197053
0.9773479700088501
0.004693789407610893
0.9611272215843201
0.4079936146736145
0.38224101066589355
0.8697881102561951
0.9370487928390503
0.18027225136756897
0.251400887966156
0.9989726543426514
0.3364325761795044
0.5290027856826782
0.3914632797241211
0.9367931485176086
0.9822758436203003
0.008910824544727802
0.9934833645820618
0.9575852751731873
0.8421133160591125
0.9827961325645447
0.9999440908432007
0.9911684989929199
0.39170947670936584
0.008749845437705517
0.8036175966262817
0.03616957366466522
0.02583949826657772
0.9936304688453674
0.0032562417909502983
0.051574382930994034
0.9972199201583862
0.5917448997497559
0.2814891040325165
0.4388456642627716
0.13048721849918365
0.8878895044326782
0.22610697150230408
0.02042829431593418
0.9998520612716675
0.6940275430679321
0.03195035085082054
0.9871505498886108
0.9999814033508301
0.998792290687561
0.9199457168579102
0.996344268321991
0.9055361747741699
0.9125760197639465
0.9880698323249817
0.9860628247261047
0.08090262860059738
0.9536882042884827
0.9999924898147583
0.9483771920204163
0.07039213180541992
0.999809205532074
0.003772919764742255
0.0379195362329483
0.17985351383686066
0.6632459759712219
0.9996156692504883
0.3006826341152191
0.005483080167323351
0.09300369024276733
0.09450056403875351
0.027575809508562088
0.10200779885053635
0.9999837875366211
0.02697492390871048
0.7124923467636108
0.9999663829803467
0.006858861073851585
0.04759681969881058
0.4401057958602905
0.1290716975927353
0.9999873638153076
0.24926269054412842
0.20354190468788147
0.004942670930176973
0.0037050151731818914
0.9884815216064453
0.021876592189073563
0.9488786458969116
0.001103070331737399
0.20963744819164276
0.6634922623634338
0.9718639850616455
0.010060789994895458
0.8529104590415955
0.3561640679836273
0.12425793707370758
0.7362600564956665
0.9894325733184814
0.056712497025728226
0.7064319252967834
0.895812451839447
0.00127130514010787
0.32432785630226135
0.9298626184463501
0.7984393239021301
0.08773909509181976
0.01308672595769167
0.04710286855697632
0.33793169260025024
0.14950808882713318
0.9758040904998779
0.9179280996322632
0.005275034345686436
0.0007186766597442329
0.8136370778083801
0.13068681955337524
0.996195912361145
0.9993020296096802
0.6848019957542419
0.5464476943016052
0.17536619305610657
0.8741263747215271
0.9406576156616211
0.9723469018936157
0.0051463027484714985
0.9449743032455444
0.04625663533806801
0.9956390857696533
0.9932496547698975
0.9980066418647766
0.12271600216627121
0.9999936819076538
0.0003401983412913978
0.8985708355903625
0.9772048592567444
0.9999942779541016
0.11389658600091934
0.9999529123306274
0.6631488800048828
0.005466823931783438
0.03200744092464447
0.9924059510231018
0.7821038365364075
0.6679426431655884
0.00801487360149622
0.9999816417694092
0.999907374382019
0.9997755885124207
0.2308485060930252
0.9924858808517456
0.9995916485786438
0.1870814710855484
0.003326260717585683
0.9268451929092407
0.9192737936973572
0.05581102520227432
0.995002806186676
0.9969701766967773
0.931614875793457
0.09021598845720291
0.6066838502883911
0.8785098791122437
0.9978037476539612
0.9549199342727661
0.3797289729118347
0.014628716744482517
0.7582982182502747
0.6622825860977173
0.9999396800994873
0.9999394416809082
0.9168100953102112
0.9807766079902649
0.9990057349205017
0.9537066221237183
0.9271834492683411
0.8583288788795471
0.9998698234558105
0.9887590408325195
0.022949568927288055
0.7999378442764282
0.12097609788179398
0.9918518662452698
0.9991664886474609
0.9456250667572021
0.9709718227386475
0.9793611168861389
0.8734368681907654
0.9840894937515259
0.998540997505188
0.983020007610321
0.99997878074646
0.9985740184783936
0.8027082681655884
0.8707101345062256
0.27315258979797363
0.8651224374771118
0.9135596752166748
0.9891344308853149
0.9977723956108093
0.9524614214897156
0.13624979555606842
0.9962809681892395
0.8456428647041321
0.9999444484710693
0.8969927430152893
0.41943591833114624
0.5929227471351624
0.9996997117996216
0.7616875171661377
0.9991477727890015
0.5308995842933655
0.947124183177948
0.8370136022567749
0.2413657307624817
0.0836467444896698
0.994304358959198
0.9883877635002136
0.8169216513633728
0.4961501955986023
0.7461370825767517
0.9527519941329956
0.34262365102767944
0.8033158183097839
0.0885259360074997
0.6687154173851013
0.9944180250167847
0.9235130548477173
1.0
0.9951223731040955
0.996217668056488
0.9999239444732666
0.773442804813385
0.0630471259355545
0.857886552810669
0.9937870502471924
0.37899014353752136
0.9789642691612244
0.9735733866691589
0.9530337452888489
0.996639609336853
0.9583098292350769
0.15725922584533691
0.9987562894821167
0.08674951642751694
0.9716938734054565
0.9999338388442993
0.999947190284729
0.9985675811767578
0.998975396156311
0.9898822903633118
0.9967858791351318
0.9920950531959534
0.10157972574234009
0.20691150426864624
0.9471785426139832
0.9998691082000732
0.9686955213546753
0.9977701902389526
0.42883580923080444
0.012805122882127762
0.3418925106525421
0.5819537043571472
0.751015305519104
0.999942421913147
0.17992261052131653
0.4078260362148285
0.4043785631656647
0.9999957084655762
0.9997175335884094
0.7745497822761536
0.8895362615585327
0.5431384444236755
0.9308008551597595
0.45172327756881714
0.9999650716781616
0.9997848868370056
0.008750375360250473
0.5223639011383057
0.9880205988883972
0.9998036026954651
0.9488672614097595
0.5715638399124146
0.9966525435447693
0.9967759251594543
0.16463544964790344
0.9998703002929688
0.4720124900341034
0.9674070477485657
0.5706184506416321
0.5022972226142883
0.37561455368995667
0.9997745156288147
0.5456008315086365
0.0389254130423069
0.8264865875244141
0.023352326825261116
0.2212064117193222
0.002920083701610565
0.11948229372501373
0.03529493510723114
0.46458449959754944
0.9915748238563538
0.04699348285794258
0.0004636681987904012
0.012202158570289612
0.08555097877979279
0.0001824532082537189
0.9938046932220459
0.9944159984588623
0.002959286794066429
0.007250167895108461
0.9995065927505493
0.11105621606111526
0.9983605742454529
0.9993359446525574
0.0035337917506694794
0.15485692024230957
0.9312229156494141
0.9999637603759766
0.12122676521539688
0.49455592036247253
0.7987678647041321
0.9910223484039307
0.12325496971607208
0.9898294806480408
0.5932796597480774
0.9948402047157288
0.06773223727941513
0.030754493549466133
0.9992092847824097
0.9827108979225159
0.03778618201613426
0.003082768991589546
0.055755410343408585
0.14692789316177368
0.03445829078555107
0.8573713898658752
0.9999988079071045
0.9284141659736633
0.1997670978307724
0.2630254328250885
0.9990271329879761
0.7249729633331299
0.538101315498352
0.9961934089660645
0.1243404820561409
0.9895243048667908
0.3624464273452759
0.036259375512599945
0.9782256484031677
0.0006797667592763901
0.058811768889427185
0.819709062576294
0.0020445396658033133
0.9934576153755188
0.014285882003605366
0.011179832741618156
0.9983914494514465
0.037413906306028366
0.9998062252998352
0.3651137351989746
0.9969633221626282
0.9664770364761353
0.5938401222229004
0.1906997561454773
0.9138748645782471
0.2729102373123169
0.904708743095398
0.784606397151947
0.6956496834754944
0.9972924590110779
0.052113424986600876
0.39114513993263245
0.49034979939460754
0.9759821891784668
0.9999032020568848
0.18248052895069122
0.9805396795272827
0.7969798445701599
0.11895731836557388
0.08269372582435608
0.002161303535103798
0.37711840867996216
0.015489046461880207
0.15644937753677368
0.7077282667160034
0.9942942261695862
0.013347421772778034
0.9164938926696777
0.5120916962623596
0.00023641243751626462
0.00016002828488126397
0.04149068146944046
0.20056258141994476
0.002825405914336443
0.009553320705890656
0.012304534204304218
0.9673945307731628
0.8455293774604797
0.9984968900680542
0.9999948740005493
0.0007529117283411324
0.011092610657215118
0.5201202630996704
0.3637799322605133
0.021890295669436455
0.20726025104522705
0.9009670615196228
0.05239912495017052
0.021158000454306602
0.9494531154632568
0.15961645543575287
0.00021123159967828542
0.05131791904568672
0.7479662895202637
0.0035816228482872248
0.7594362497329712
0.8801590800285339
0.033945582807064056
0.07855672389268875
0.9165241122245789
0.13424831628799438
0.0005396742490120232
0.2222164124250412
0.9775655269622803
0.5282157063484192
0.9997294545173645
0.0010653883218765259
0.0847514346241951
0.9923413991928101
0.018297389149665833
0.9916834831237793
0.2090943604707718
0.9862842559814453
0.007509962655603886
0.008855550549924374
0.6076136231422424
0.027633756399154663
0.01789565198123455
0.03789154812693596
0.0025635859929025173
0.28389567136764526
0.40035104751586914
0.031102685257792473
0.7808589339256287
0.008230806328356266
0.420646071434021
0.004676213022321463
0.9399372339248657
0.9186558127403259
0.8061570525169373
0.1759980469942093
0.08216135948896408
0.979367196559906
0.15866567194461823
0.9958564639091492
0.010130594484508038
0.7482626438140869
0.9833879470825195
0.20596806704998016
0.9999399185180664
0.9363303780555725
0.9138581156730652
0.15819652378559113
0.9984114170074463
0.9974989295005798
0.017361583188176155
0.001338366768322885
0.9999781847000122
0.9915709495544434
0.9999877214431763
0.3321913778781891
0.08106760680675507
0.13043290376663208
0.3237702250480652
0.7825608849525452
0.8370605111122131
0.7973880767822266
0.12603464722633362
0.0501248799264431
0.0352640338242054
0.9963819980621338
0.9909332990646362
0.998090922832489
0.9918516278266907
0.0020124909933656454
0.046079885214567184
0.969961941242218
0.27635276317596436
0.09414651989936829
0.21095283329486847
0.9874981045722961
0.0038639267440885305
0.43129444122314453
0.8426912426948547
0.9642845392227173
0.36013975739479065
0.7730279564857483
0.03062206692993641
0.43314328789711
0.6369724869728088
0.05103909969329834
0.13552750647068024
0.9967202544212341
0.0027031628414988518
0.0475090891122818
0.04196760430932045
0.003646108089014888
0.7887284159660339
0.3386094570159912
0.9999477863311768
0.980828583240509
0.9303146600723267
0.22683966159820557
0.1295851171016693
0.9831374883651733
0.12351525574922562
0.35942232608795166
0.9897140264511108
0.9999977350234985
0.9168534874916077
0.5691394209861755
0.9778633117675781
0.445093035697937
0.9999990463256836
0.9983664155006409
0.7945963740348816
0.9999803304672241
0.9993320107460022
0.5400838851928711
0.7040112614631653
0.9998142123222351
0.3432285189628601
0.9962521195411682
0.9999891519546509
0.8294508457183838
0.9462563395500183
0.1483478546142578
0.9063169956207275
0.9999364614486694
0.5148599743843079
0.998727023601532
0.9954558610916138
0.01585579104721546
0.6673993468284607
0.9999003410339355
0.8875659108161926
0.9658694267272949
0.7304580211639404
0.8667912483215332
0.006251820363104343
0.09167145192623138
0.0761110782623291
0.012055755592882633
0.7307478189468384
0.18327215313911438
0.3683846592903137
0.9792073369026184
0.31027472019195557
0.9999067783355713
0.02962207980453968
0.9994295239448547
0.6983255743980408
0.9999253749847412
0.9939795732498169
0.9713184237480164
0.5234280824661255
0.025594960898160934
0.5751989483833313
0.34325915575027466
0.9997223019599915
0.3238458037376404
0.7905851602554321
0.9950892329216003
0.005385030061006546
0.9986804127693176
0.7992311120033264
0.4967513382434845
0.9974722266197205
0.12800216674804688
0.9984810948371887
0.9990014433860779
0.004854601342231035
0.2191808670759201
0.9665747284889221
0.2552264332771301
0.9907984733581543
0.38124218583106995
0.9998970031738281
0.9926859140396118
0.8824571967124939
0.31397226452827454
0.9958492517471313
0.999935507774353
0.9994843006134033
0.29936856031417847
0.8797712326049805
0.2607243061065674
0.9999923706054688
0.5672963857650757
0.9943623542785645
0.028342338278889656
0.9523323178291321
0.07888777554035187
0.9998942613601685
0.9946212768554688
0.7348189353942871
0.0010599991073831916
0.9999630451202393
0.9995536208152771
0.19008629024028778
0.19150693714618683
0.5761603713035583
0.22303363680839539
0.9896668195724487
0.999404788017273
0.9501175880432129
0.9999082088470459
0.9999920129776001
0.01189157459884882
0.9646451473236084
0.9005962014198303
0.9556035399436951
0.06778349727392197
0.9988445043563843
0.5388224720954895
0.743841290473938
0.9010407328605652
0.36672359704971313
0.16597382724285126
0.9424576163291931
0.5505430102348328
0.005770648829638958
0.9968003034591675
0.9130064249038696
0.0173741914331913
0.9449191689491272
0.9750998020172119
0.9002777338027954
0.1263451874256134
0.0016978442436084151
0.9999420642852783
0.9960260391235352
0.9671346545219421
0.9440382719039917
0.10897379368543625
0.9998438358306885
0.3283384144306183
0.9863688945770264
0.9793917536735535
0.6300984025001526
0.6002112627029419
0.5371699929237366
0.9927499294281006
0.07368961721658707
0.9975706934928894
0.43812796473503113
0.010676841251552105
0.03207147493958473
0.8543692827224731
0.9999990463256836
0.022128788754343987
0.96859210729599
0.9863065481185913
0.27105456590652466
0.9999983310699463
0.9999852180480957
0.9950137734413147
0.8450085520744324
0.06081777811050415
0.9771968722343445
0.9991894364356995
0.9999918937683105
0.015242007561028004
0.9992109537124634
0.999457061290741
0.9839844107627869
0.9940696954727173
0.17639115452766418
0.9496719241142273
0.09625024348497391
0.007088527083396912
0.012037815526127815
0.4319361746311188
0.13248254358768463
0.12713046371936798
0.7463603615760803
0.9986602067947388
0.8180215954780579
0.07870718836784363
0.9979521632194519
0.15767668187618256
0.9970928430557251
0.34589260816574097
0.017233416438102722
0.16858549416065216
0.9998981952667236
0.9957647323608398
0.9137681126594543
0.9997455477714539
0.5143958926200867
0.9959081411361694
0.9984594583511353
0.01405993103981018
0.41774317622184753
0.1339586079120636
0.999984622001648
0.9999446868896484
0.084043487906456
0.5216934084892273
0.3992478847503662
0.990393340587616
0.2533825933933258
0.03333381190896034
0.8913301229476929
0.09531765431165695
0.4142594337463379
0.5251023769378662
0.864177942276001
0.8990678787231445
0.20737767219543457
0.9997715353965759
0.15835559368133545
0.9604438543319702
0.99224853515625
0.9640445709228516
0.386766254901886
0.0762556865811348
0.7662985324859619
0.987392246723175
0.5470376014709473
0.5255208611488342
0.007000044919550419
0.007185578346252441
0.0007070346036925912
0.008325772359967232
0.9473567605018616
0.02906630001962185
0.03407324478030205
0.11501748859882355
0.7725566029548645
0.9887174367904663
0.6301903128623962
0.17484518885612488
0.9978725910186768
0.03138095512986183
0.9937008619308472
0.989995002746582
0.9053924679756165
0.887015163898468
0.9751859307289124
0.9745320081710815
0.5047469139099121
0.8910266757011414
0.1438530832529068
0.009184325113892555
0.058760084211826324
0.3955925405025482
0.993565022945404
0.2975533604621887
0.12172695994377136
0.9734089970588684
0.9727792143821716
0.9998737573623657
0.9010381102561951
0.6087502837181091
0.23402759432792664
0.9929825067520142
0.9878460764884949
0.9816610813140869
0.014792702160775661
0.022933434695005417
0.0006839496782049537
0.9803558588027954
0.9997671246528625
0.14942365884780884
0.9996770620346069
0.01628696359694004
0.00298022641800344
0.6089720129966736
0.4974309206008911
0.1332891881465912
0.02465531788766384
0.9964801669120789
0.5840514302253723
0.9661819338798523
0.7695586681365967
0.014465434476733208
0.1964372992515564
0.6859684586524963
0.9995342493057251
0.9933613538742065
0.4545224905014038
0.9998865127563477
0.9973746538162231
0.9883977770805359
0.9999938011169434
0.3581109046936035
0.9638725519180298
0.004326807335019112
0.15223850309848785
0.9705139398574829
0.9979792237281799
0.8756899833679199
0.9851415157318115
0.7587278485298157
0.994574248790741
0.9999287128448486
0.9467931389808655
0.9874358177185059
0.017991751432418823
0.9998595714569092
0.4313310384750366
0.8771870136260986
0.953188955783844
0.9984908103942871
0.4790503978729248
0.5268111824989319
0.9999828338623047
0.9988884329795837
0.15994909405708313
0.9939163327217102
0.9999480247497559
0.002327835652977228
0.9355587363243103
0.008599027059972286
0.0067046284675598145
0.6587142944335938
0.9918060302734375
0.21781064569950104
0.025914538651704788
0.9873059988021851
0.9996408224105835
0.15175680816173553
0.9446531534194946
0.9994874000549316
0.9999008178710938
0.9978739023208618
0.9762959480285645
0.8357043266296387
0.009737364947795868
0.11545240879058838
3.797360113821924e-05
0.999496340751648
0.9999775886535645
0.9991149306297302
0.6088528037071228
0.9990614056587219
0.2551049590110779
0.012927827425301075
0.9995854496955872
0.5893871784210205
0.5185180902481079
0.999992847442627
0.08590968698263168
0.018107054755091667
0.9261122345924377
0.6858099699020386
0.9986211061477661
0.9871500730514526
0.05953148379921913
0.0023653923999518156
0.9890308976173401
0.9465698599815369
0.2598220407962799
0.99254310131073
0.0487348772585392
0.6493054628372192
0.99998939037323
0.09151160717010498
0.2614780366420746
0.881990373134613
0.9998255372047424
0.7823308706283569
0.9995323419570923
0.16164468228816986
0.9993832111358643
0.08135567605495453
0.9933217167854309
0.9962056875228882
0.9831961393356323
0.9786877632141113
0.9612871408462524
0.026209712028503418
0.9123765230178833
0.6380579471588135
0.9955418705940247
0.9121137261390686
0.9999994039535522
0.9943840503692627
0.47099095582962036
0.9999986886978149
0.5859167575836182
0.8304948806762695
0.3481880724430084
0.9998934268951416
0.660007894039154
0.954248309135437
0.9985935091972351
0.05699848756194115
0.983187198638916
0.002277265302836895
0.6944860219955444
0.9995861649513245
0.9459495544433594
0.11608150601387024
0.9940701127052307
0.001898736460134387
0.007677705027163029
0.6515763998031616
0.9862844944000244
0.019054638221859932
0.0008134650997817516
0.9780323505401611
0.002989870961755514
0.9529500007629395
0.9999924898147583
