0.003219595644623041
0.9731612205505371
0.7408077716827393
0.9987751841545105
3.752033808268607e-05
1.2885807336715516e-06
0.3406743109226227
0.9988113641738892
0.0009178497712127864
0.9999557733535767
2.769659772638988e-07
0.0022162916138768196
0.9999027252197266
3.638652970039402e-06
0.028609704226255417
0.9900774955749512
0.9999886751174927
0.9983335137367249
0.0006754777277819812
0.00044207260361872613
2.0826815671171062e-05
0.999562680721283
3.079926682403311e-05
0.940792977809906
0.9997511506080627
0.08085083961486816
0.7616394758224487
0.9980595707893372
0.9997537732124329
0.9993485808372498
0.08159884065389633
0.6979283094406128
0.9963681697845459
2.78975312539842e-06
0.9999583959579468
0.011343004181981087
0.9999383687973022
0.0017936885124072433
0.9869078397750854
0.8219122886657715
0.12547561526298523
0.5591384172439575
0.3288421332836151
7.237805402837694e-05
0.5313881039619446
0.02823846973478794
0.995093584060669
1.9609410628618207e-06
0.9999679327011108
0.9922186136245728
0.9895067811012268
0.03982115164399147
0.00013692806533072144
0.999964714050293
0.9999853372573853
1.2697269085037988e-05
0.8970402479171753
6.488558574346825e-05
0.9997115731239319
0.6170960664749146
0.03116605430841446
0.0003979243047069758
0.9896534085273743
0.0009540633182041347
0.9999886751174927
0.8640120029449463
0.9814576506614685
0.02281373180449009
0.00032204974559135735
0.9315111041069031
0.6789071559906006
1.3091583639379678e-07
0.004004606511443853
0.9997847676277161
0.9999252557754517
0.9998648166656494
0.8263700604438782
0.999881386756897
0.868249773979187
0.9989307522773743
1.798742960090749e-05
1.4452530194830615e-07
0.9979960918426514
0.20440760254859924
0.7114000916481018
0.9528717994689941
0.07042331248521805
0.07618481665849686
0.9989412426948547
0.9999750852584839
0.9999951124191284
0.9997685551643372
0.999907374382019
0.007728696800768375
0.9999127388000488
0.9999920129776001
0.0006280661909841001
0.09890646487474442
0.9808276295661926
0.9740240573883057
0.9997444748878479
0.9400475025177002
0.8509663343429565
0.9992934465408325
0.999997615814209
5.202452030061977e-06
0.0011672854889184237
0.9797136187553406
0.999974250793457
3.207090048817918e-05
0.929854691028595
0.008413434959948063
0.999758780002594
0.9998202919960022
0.9999990463256836
0.18756747245788574
5.151466364594626e-09
0.9426833987236023
0.07128056138753891
0.9993426203727722
0.9980089068412781
0.9999887943267822
0.0003737037186510861
0.9995357990264893
8.707993970347161e-08
0.9997245669364929
0.995820164680481
0.9729230999946594
0.9886118769645691
0.9990837574005127
0.9997244477272034
0.9999275207519531
0.9995189905166626
0.9999661445617676
0.08369409292936325
0.9258634448051453
0.9999982118606567
0.7924095392227173
0.9994899034500122
0.6029770970344543
0.9999769926071167
0.999337375164032
0.025400998070836067
0.9995927214622498
0.9998670816421509
1.95724205696024e-05
2.226244760095142e-06
0.986343264579773
0.6097516417503357
3.3820524549810216e-05
0.9998990297317505
0.99994957447052
0.9999376535415649
0.9972615242004395
0.9995330572128296
0.9999902248382568
0.1042838767170906
0.9988868832588196
4.7249195631593466e-05
0.9967028498649597
0.9969923496246338
0.9999939203262329
0.9861755967140198
0.0006798726972192526
0.01937580108642578
0.9984958171844482
0.9999901056289673
0.9987333416938782
0.9859618544578552
0.9857284426689148
0.9999489784240723
0.9999685287475586
6.805831799283624e-05
0.9999877214431763
0.9999988079071045
0.8268263339996338
0.9942086935043335
0.6859841346740723
0.9998869895935059
0.9985981583595276
0.013709231279790401
0.9907662868499756
0.9923872947692871
0.8032314777374268
0.003979018423706293
0.0001399602770106867
0.6423535346984863
0.9841068983078003
0.5734893679618835
0.9997703433036804
1.4243875057218247e-06
1.3210874385549687e-06
0.9996331930160522
0.9999535083770752
0.9984714388847351
0.9991278052330017
0.01313059777021408
4.906054073217092e-06
0.99912029504776
0.00020849387510679662
0.9983857870101929
0.3795795440673828
0.9869478940963745
0.005478573031723499
0.9978407621383667
0.9999986886978149
0.2657700479030609
0.9885739088058472
0.9999498128890991
0.050722282379865646
0.9885548949241638
0.9990099668502808
0.9999947547912598
0.0014373023295775056
0.9996771812438965
0.9999831914901733
0.999893069267273
0.9991348385810852
0.9981648325920105
0.9999982118606567
0.006006197538226843
0.9999943971633911
0.0002504781587049365
0.9999402761459351
0.9989790916442871
0.9996285438537598
0.000337788718752563
0.9998996257781982
0.999816358089447
0.9998447895050049
0.9987251162528992
0.006424086634069681
0.9997579455375671
0.9972124695777893
0.9999762773513794
0.9937002658843994
0.9999979734420776
0.9999772310256958
0.9969663023948669
0.9999470710754395
0.9993839263916016
0.0015490759396925569
0.8649332523345947
0.9972831010818481
0.8298305869102478
0.0016174614429473877
0.35238853096961975
0.6444563865661621
0.9999780654907227
0.9999353885650635
0.9998490810394287
0.999664306640625
0.9998499155044556
0.9998739957809448
0.9998724460601807
0.9992332458496094
2.3006070478004403e-05
0.9946882724761963
1.364465163078421e-07
1.4161528838485538e-08
0.9999806880950928
0.9998262524604797
0.00038883392699062824
0.9999971389770508
0.9992503523826599
0.0036273752339184284
0.9986211061477661
3.5785603813565103e-06
7.721700256979602e-08
0.9966790676116943
5.51773496226815e-07
0.9990800619125366
0.9912639856338501
0.029347093775868416
0.005982167087495327
0.45337095856666565
3.9329042920144275e-05
0.9999951124191284
1.5819916370674036e-05
0.30344539880752563
0.9994304776191711
0.9986875653266907
0.0002121509751304984
0.3042296767234802
2.0138277250225656e-05
0.9978432655334473
0.036333128809928894
0.9999992847442627
0.9999476671218872
0.3094843029975891
0.00030337253701873124
0.405834436416626
0.0029160717967897654
0.9982600808143616
1.0630818678691867e-06
7.30215754529695e-09
0.9997690320014954
0.051701486110687256
0.6690891981124878
0.9829402565956116
0.0010006577940657735
0.1988202929496765
0.9996556043624878
0.9866114854812622
0.0035792479757219553
0.9052636027336121
0.9999947547912598
0.003955121152102947
0.994797945022583
0.002313854405656457
0.17520390450954437
0.9999997615814209
0.004847097676247358
0.956043541431427
0.9960113763809204
0.8648790717124939
0.9585382342338562
0.004210538696497679
0.998891294002533
0.9928426742553711
0.7680863738059998
0.9999510049819946
0.9999890327453613
0.0022854588460177183
0.9998518228530884
0.9999520778656006
0.0005973259685561061
0.9997603297233582
0.0001883351942524314
0.9999973773956299
0.9988806843757629
0.2519058287143707
0.9997474551200867
2.18889567804581e-06
0.0012410110794007778
0.7886654734611511
0.9999933242797852
0.9996194839477539
0.9999947547912598
0.9999531507492065
0.00022302285651676357
9.167152711597737e-06
0.7622443437576294
0.4656965434551239
0.8756564855575562
0.9997804760932922
4.272720399711716e-09
0.993740439414978
0.9999902248382568
0.00012407288886606693
0.999868631362915
0.9824025630950928
7.940422619867604e-06
1.4565769561158959e-05
0.752144455909729
0.9999232292175293
0.33670905232429504
0.9815236926078796
0.0077001964673399925
0.005241185426712036
0.013800308108329773
0.9999895095825195
0.9887621998786926
0.012659876607358456
0.9999693632125854
2.1902840671828017e-05
0.01663808710873127
0.013854816555976868
0.7556993961334229
0.9974803328514099
0.047535281628370285
0.9944540858268738
0.999925971031189
0.015100955963134766
0.9979648590087891
1.954669315296087e-08
1.7880116729429574e-06
2.6005595827882644e-06
0.9893704652786255
0.008338325656950474
2.31368562708667e-06
0.9999440908432007
0.9999291896820068
0.9975305199623108
0.2596549689769745
0.9999876022338867
0.9999319314956665
0.999427855014801
0.9991946816444397
0.9881389737129211
0.9999872446060181
0.0040474869310855865
0.9999761581420898
5.715991013843791e-10
0.009184030815958977
2.8216041059181407e-08
1.586758031635327e-07
0.07639116048812866
0.9999322891235352
0.38188084959983826
0.3718007206916809
0.9997690320014954
0.9545849561691284
0.06262622773647308
0.9992579817771912
0.7599377036094666
0.26293089985847473
0.9631189107894897
0.9999959468841553
0.9999991655349731
0.9997066855430603
0.9999924898147583
8.9446608342314e-08
0.9999929666519165
0.998504638671875
0.13020488619804382
0.020906023681163788
6.346466108198001e-08
0.8855978846549988
0.9828344583511353
0.9883926510810852
0.9487394094467163
0.9998955726623535
0.0005692061968147755
0.9410602450370789
0.8645735383033752
0.9999794960021973
0.9999842643737793
0.9997960925102234
0.9994471669197083
0.7545187473297119
0.9999986886978149
0.9999996423721313
0.9997774958610535
0.7851552367210388
0.9978095889091492
0.2096112221479416
0.9999531507492065
0.0536963976919651
0.9975608587265015
0.9997453093528748
3.466272602281606e-08
0.9999880790710449
0.026834584772586823
0.9999984502792358
0.9869758486747742
0.9998985528945923
0.9999970197677612
0.9999823570251465
0.9999790191650391
0.9999960660934448
0.9999169111251831
0.9999781847000122
3.4538900628433566e-09
0.9913851022720337
0.9999983310699463
1.3167262125080015e-07
0.9999959468841553
0.9995219707489014
3.487746653263457e-05
0.9998314380645752
0.9994588494300842
0.9999861717224121
0.9999997615814209
0.9793810248374939
0.9999299049377441
0.9995336532592773
0.9999945163726807
0.9994162321090698
0.5470659136772156
0.9988719820976257
2.912510126407142e-06
0.7184685468673706
0.9964937567710876
0.999923825263977
0.9999982118606567
0.9998966455459595
0.9999349117279053
0.999980092048645
4.82712421217002e-05
0.9447913765907288
0.9999915361404419
0.9999498128890991
0.005279612727463245
0.9998109936714172
0.18780526518821716
0.9999995231628418
0.5199317932128906
0.9994019269943237
0.9996497631072998
0.9999951124191284
0.9999969005584717
0.8753589987754822
0.9999912977218628
0.9999887943267822
0.9999982118606567
2.6581297163374984e-08
0.2137950211763382
0.008439863100647926
0.00026242341846227646
0.9999995231628418
0.9999797344207764
0.9998959302902222
0.9983429908752441
1.2141749827776493e-08
0.9494809508323669
0.9991089701652527
0.00015854487719479948
0.16027407348155975
0.9999918937683105
0.9999862909317017
0.9999939203262329
0.9913241863250732
0.008724579587578773
0.9977372884750366
0.9999970197677612
0.9997629523277283
0.26754283905029297
0.9999150037765503
0.008066424168646336
0.01243525743484497
0.9999899864196777
0.9999805688858032
0.9998918771743774
0.9999734163284302
0.00034942413913086057
0.998970627784729
0.9999445676803589
0.5180771350860596
0.9999819993972778
0.9919201135635376
0.3848303258419037
0.999866247177124
0.34321409463882446
0.999994158744812
0.11374448239803314
0.9659230709075928
0.5193008780479431
0.9999830722808838
0.006270847283303738
1.148673163697822e-06
0.99989914894104
0.9991356730461121
0.35814714431762695
0.9989532232284546
0.9996088147163391
0.9999970197677612
0.9999986886978149
0.5304283499717712
0.0011752262944355607
2.0310297259129584e-05
0.99994957447052
1.5558135828541708e-06
0.9999681711196899
0.12491041421890259
0.9953409433364868
0.9999983310699463
0.9996626377105713
0.9369954466819763
0.9999792575836182
0.9999629259109497
0.9955257773399353
0.9999947547912598
0.999995231628418
0.999984860420227
0.9998841285705566
0.9999918937683105
0.9950307607650757
0.24835798144340515
0.9999233484268188
4.263998198439367e-05
3.4878663427662104e-05
0.04008003696799278
0.9639580845832825
0.9998218417167664
0.999495267868042
0.9316238164901733
0.00558134401217103
0.9994827508926392
0.9999945163726807
0.99946528673172
0.9932971596717834
0.9925695061683655
0.99997878074646
0.9999977350234985
0.998599112033844
0.9999964237213135
0.9999978542327881
0.9999457597732544
0.052600517868995667
0.00019404526392463595
0.9998617172241211
0.00011615125549724326
0.976702868938446
0.9999905824661255
0.9997970461845398
0.9999972581863403
0.9947068095207214
0.9947860240936279
0.9999959468841553
0.995528519153595
0.0019875436555594206
0.9999176263809204
0.9999827146530151
0.9996209144592285
0.9943022727966309
0.9827696084976196
0.788348913192749
0.9999716281890869
0.0021029869094491005
0.9924203753471375
0.9213998913764954
0.999349057674408
0.9891573190689087
0.9788450598716736
0.8781533241271973
0.0034005900379270315
0.44251957535743713
0.9994834661483765
0.14641711115837097
0.9998916387557983
5.255114956526086e-06
0.9998947381973267
0.00025443086633458734
0.9988396763801575
1.0001972441386897e-05
0.0003896079433616251
0.03323550894856453
0.999163031578064
5.3782365284860134e-05
0.040127046406269073
0.017163824290037155
2.8935102818650194e-05
0.35693565011024475
0.3047657608985901
0.5875087380409241
0.9715384840965271
0.16978228092193604
0.873167097568512
0.7297638654708862
0.9990291595458984
5.477717834878604e-09
0.9999654293060303
0.24568021297454834
0.9999885559082031
0.999019980430603
0.003399559063836932
0.7877212166786194
0.8233075141906738
0.9877744317054749
0.00014038317021913826
0.9997815489768982
7.192725024651736e-05
4.2860861867666245e-05
0.9998726844787598
0.4005477726459503
0.010741347447037697
9.324840357294306e-05
0.9999935626983643
0.9999902248382568
0.0023403072264045477
0.5719366073608398
0.9643614292144775
6.7209743974672165e-06
0.999958872795105
0.010784821584820747
0.999519944190979
0.9998611211776733
0.9994834661483765
0.9999542236328125
0.0030933248344808817
8.740050543565303e-05
0.9999197721481323
2.1397330783656798e-05
0.9992110729217529
0.9656237363815308
0.9596362113952637
0.7116637229919434
0.9999979734420776
0.0004810757527593523
0.0023236486595124006
0.9991494417190552
0.00015059397264849395
0.006385164801031351
1.9970632365584606e-06
0.9997424483299255
0.9016087055206299
0.572945773601532
0.024999136105179787
0.0024210517294704914
0.999991774559021
7.577348526410788e-08
0.9999754428863525
0.006264862604439259
0.20918028056621552
0.9999366998672485
0.9941964149475098
0.859426736831665
0.010178032331168652
3.872110028169118e-06
0.00013106166443321854
0.005767247173935175
0.9389941096305847
7.286851905519143e-05
0.9999816417694092
0.9901068210601807
0.058709755539894104
0.9999959468841553
0.6848651766777039
0.9228693246841431
0.9995617270469666
0.0013077894691377878
7.008716238487978e-07
1.2600406080309767e-05
1.0490051863598637e-05
0.9999715089797974
0.9994744658470154
0.033560071140527725
0.9983308911323547
0.9998576641082764
0.8044906854629517
0.0018470240756869316
0.340873658657074
0.9998847246170044
0.15340571105480194
0.9999738931655884
0.9999966621398926
0.9972121119499207
0.9993313550949097
0.04821795970201492
0.9806523323059082
0.5717112421989441
0.1776612550020218
0.998908281326294
0.9999260902404785
0.9999357461929321
0.0027480137068778276
0.00743211479857564
4.965528432876454e-07
0.26146015524864197
0.9999557733535767
0.9999957084655762
0.9901759028434753
0.9999545812606812
0.9907947182655334
1.7102885294661974e-06
0.9998219609260559
0.9922963976860046
0.9748607873916626
0.9999425411224365
0.9999990463256836
0.9999403953552246
0.9510459899902344
0.9951632022857666
0.8735018968582153
0.9986416697502136
0.9997395873069763
0.9999967813491821
0.99527907371521
0.9997207522392273
0.9999860525131226
0.003625835059210658
0.9996702671051025
0.016376573592424393
2.3343494831351563e-05
0.960027813911438
0.9999839067459106
0.9999983310699463
0.010188942775130272
0.9999982118606567
0.9999957084655762
0.9842398166656494
0.8412474393844604
0.9979191422462463
0.5806920528411865
0.15016350150108337
0.999990701675415
0.0007983330870047212
0.9703382253646851
0.32283976674079895
0.9995456337928772
0.9999597072601318
0.98988276720047
0.9999649524688721
0.9999661445617676
0.999891996383667
2.9962239977976424e-07
0.999976634979248
0.4306701719760895
0.9971542358398438
0.9999967813491821
0.9999828338623047
0.9999712705612183
0.9998735189437866
0.9629412889480591
0.9956151247024536
0.6898408532142639
0.0017525025177747011
0.8286370635032654
2.2157909995712544e-07
0.9999552965164185
0.0008944894070737064
0.9999904632568359
0.0031989661511033773
0.9999982118606567
0.7583627700805664
0.9999963045120239
0.009177749045193195
0.9982853531837463
1.0955623075403764e-09
0.2774428725242615
0.17082639038562775
0.9999873638153076
0.0035715203266590834
0.9996775388717651
0.9999592304229736
0.00039478030521422625
0.9997057318687439
0.9999982118606567
1.2223504199937452e-05
0.7276950478553772
0.9999873638153076
0.0001504134270362556
0.003949728328734636
0.9966636300086975
0.9995526671409607
0.5427458882331848
0.0018308409489691257
0.999382495880127
0.99998939037323
0.9999971389770508
0.9999864101409912
0.6761330962181091
0.6658378839492798
0.8843240141868591
0.4738726317882538
0.9990358352661133
0.9729456305503845
0.9949221014976501
0.9999784231185913
0.00034746338496915996
0.9996849298477173
0.9999991655349731
0.9996689558029175
8.445721323369071e-05
0.28102612495422363
0.9998883008956909
0.9999817609786987
3.4796275372173113e-07
0.9385172724723816
0.9998527765274048
0.011559484526515007
5.3431838750839233e-05
0.9999102354049683
0.9317108392715454
0.9538594484329224
0.002806028351187706
0.999961256980896
0.9999651908874512
0.9998948574066162
0.20273011922836304
0.9998403787612915
0.00012194320152048022
0.9988387227058411
0.9999988079071045
0.03490053862333298
0.9998927116394043
0.9849050641059875
8.984533451439347e-06
8.82431231730152e-06
1.3883239262213465e-05
0.9997115731239319
0.008675456047058105
0.9971500039100647
0.9879468083381653
0.007749946787953377
0.4326222538948059
0.1937926560640335
0.1030210331082344
0.03139124810695648
0.9904340505599976
0.9999980926513672
0.9999892711639404
0.9962463974952698
0.49852776527404785
0.9922027587890625
0.7925768494606018
0.9999920129776001
6.069262870056491e-09
0.9767083525657654
3.073809693887597e-06
0.9872303605079651
0.9999419450759888
0.9485654234886169
0.09419069439172745
0.9958256483078003
0.9923980832099915
0.7618895173072815
0.9999955892562866
6.075084002077347e-06
0.999321699142456
0.9998959302902222
0.052174124866724014
0.9995526671409607
0.9416996836662292
7.309440661629196e-07
0.9907417297363281
0.997904896736145
0.05084724351763725
0.9927243590354919
0.9933173656463623
0.9999991655349731
7.6490962896969e-08
1.593891647644341e-05
0.016838638111948967
0.9913191199302673
0.011099981144070625
1.6237521776929498e-05
0.9999868869781494
7.276589109039833e-09
0.6368788480758667
0.9870234727859497
0.08887257426977158
0.8160399794578552
0.06472476571798325
0.9998711347579956
0.08760952949523926
0.051389191299676895
0.9936286807060242
0.9896507263183594
0.0001909982820507139
0.9103163480758667
8.197619536076672e-06
0.0018832110799849033
0.9999890327453613
0.999916672706604
0.9973574280738831
0.9999653100967407
0.9959391355514526
0.9998526573181152
0.9999994039535522
0.9999797344207764
0.9999953508377075
0.002533492399379611
0.9980756044387817
0.9997864365577698
0.0007564036641269922
0.0005448961164802313
0.9999146461486816
0.9986566305160522
0.9999978542327881
0.9121710658073425
0.9999698400497437
0.9985740184783936
1.8682170775718987e-05
0.0010989923030138016
0.3667035400867462
0.9994612336158752
0.19593863189220428
0.9969995021820068
0.001183004816994071
0.9973090887069702
0.012336693704128265
0.9999215602874756
0.9992852807044983
0.921851396560669
1.9833480109809898e-05
0.9999245405197144
0.9995668530464172
0.7916837334632874
0.0008081740816123784
0.9989060163497925
0.9979068040847778
0.9955421090126038
0.565366268157959
0.998670220375061
0.9999759197235107
0.9437042474746704
0.9985128045082092
0.9999597072601318
0.9897472858428955
1.6040516129578464e-05
0.9970406889915466
0.9999828338623047
0.9999657869338989
3.529121528345058e-08
0.9914857745170593
0.913979709148407
0.9910095930099487
0.48414579033851624
0.2113286703824997
2.477337268658175e-08
0.9999969005584717
0.7868351340293884
0.9999997615814209
0.028168750926852226
0.9999935626983643
0.9527908563613892
0.9999682903289795
0.9999910593032837
0.9882744550704956
0.20651458203792572
0.9933613538742065
0.9994468092918396
0.9934420585632324
0.9993709921836853
0.9977009892463684
0.0006869402714073658
0.05176905542612076
0.9999651908874512
0.9999876022338867
0.9964141249656677
0.998586893081665
0.7315459847450256
0.999976396560669
0.9999246597290039
0.997485876083374
0.9987868666648865
0.9993473887443542
6.451205990742892e-05
0.9597065448760986
0.9999639987945557
0.9997454285621643
0.9997811913490295
0.8894296884536743
0.9975257515907288
0.9988508224487305
0.999976634979248
0.35797029733657837
3.074217502785359e-08
0.9995054006576538
0.9999358654022217
0.9999971389770508
0.9994186162948608
0.9999825954437256
3.541684918673127e-07
0.9999184608459473
0.9971207976341248
0.9994935989379883
1.0002220733440481e-05
0.9064192175865173
0.8782311081886292
0.6941490769386292
0.7948147058486938
0.9205170273780823
0.9641128182411194
0.9977986216545105
0.9857686161994934
0.8023446798324585
0.9999915361404419
0.29724547266960144
0.999854326248169
0.9999631643295288
0.9999966621398926
0.9999997615814209
0.9999767541885376
0.7812021374702454
0.999962329864502
0.999998927116394
0.9951488375663757
0.0010679516708478332
0.995831310749054
0.9999849796295166
0.999994158744812
0.08806745707988739
0.0037031425163149834
0.963621199131012
0.0003618721093516797
0.9999953508377075
0.9906156063079834
0.9998124241828918
0.0001432486460544169
0.0055765719152987
0.9997562766075134
0.9999867677688599
0.7765086889266968
4.0830371972333523e-07
0.9987455606460571
0.9999685287475586
0.9999706745147705
0.9764775633811951
0.9999934434890747
0.9999967813491821
0.02434186264872551
0.9999996423721313
0.9998906850814819
0.9999932050704956
4.173199286139351e-10
0.04970107227563858
0.47656527161598206
0.9953455328941345
7.171755100898736e-07
0.973831832408905
0.9994663596153259
0.9997639060020447
3.5310521173670395e-09
0.517119824886322
0.9995644688606262
0.01498802937567234
0.9875153303146362
2.3554728613817133e-05
0.8876025080680847
0.9998635053634644
0.16646873950958252
5.187399801798165e-05
0.14240100979804993
0.5530349016189575
0.9991734623908997
0.9988454580307007
0.006301168818026781
8.974750720369684e-09
0.8160914182662964
0.0017183306626975536
0.9999493360519409
0.9997816681861877
0.9992055296897888
0.009061574004590511
0.9997273087501526
0.9998984336853027
0.9983445405960083
0.28004321455955505
0.9544062614440918
2.6841902922569716e-07
0.9999992847442627
0.9999953508377075
0.8336024284362793
0.9966176152229309
0.9999973773956299
0.020136425271630287
0.9999927282333374
5.0049357014358975e-06
0.999809205532074
0.0019020094769075513
0.9999703168869019
0.00011073223140556365
7.8194061643444e-05
0.9996649026870728
0.9999972581863403
0.00033332835300825536
0.4637482464313507
0.9149975776672363
0.2451622039079666
0.9416497945785522
0.999996542930603
0.9999932050704956
0.9912301301956177
3.496495264698751e-05
0.9993999004364014
0.999962329864502
0.9885563254356384
0.9649027585983276
0.9999812841415405
1.8546897990745492e-05
0.9923328161239624
0.8244568705558777
0.0036540525034070015
0.9999653100967407
4.024170580096964e-11
0.0008108582114800811
0.999054491519928
0.04206670820713043
0.9999514818191528
3.757082231459208e-05
0.9746911525726318
0.9998433589935303
0.996340274810791
0.9995531439781189
0.44014081358909607
0.9998378753662109
0.9999614953994751
0.03607698529958725
0.0006896174163557589
0.00017247268988285214
0.9999998807907104
0.9324793815612793
0.999913215637207
0.9714356064796448
0.999994158744812
1.3497600548362243e-07
0.9999122619628906
0.9999791383743286
0.9997168183326721
0.9982795715332031
0.0003859325952362269
0.999994158744812
0.8431729674339294
0.9999580383300781
0.9778314828872681
0.8529546856880188
0.9930766820907593
0.006119140423834324
0.0007696589455008507
0.0031535013113170862
0.9979121088981628
0.011435073800384998
0.3496979773044586
0.973433256149292
0.9999008178710938
1.3859998659881967e-07
0.9984769225120544
0.9536591172218323
0.14896726608276367
0.00016770373622421175
0.002246021293103695
0.9999016523361206
0.9981836676597595
0.9999295473098755
0.9999921321868896
1.3134678056303528e-07
6.0182615015946794e-06
0.9999561309814453
0.9995903372764587
0.9888916015625
0.9999697208404541
0.9999282360076904
5.6203308673730135e-08
5.078338745079236e-06
0.9993311166763306
2.0911640604026616e-05
0.9999971389770508
0.009211449883878231
8.599384455010295e-05
0.9999442100524902
0.999969482421875
0.9993826150894165
0.9999337196350098
0.028944293037056923
0.9999914169311523
0.004406879656016827
0.009201645851135254
0.9998635053634644
0.9995343685150146
0.9724603295326233
0.9999972581863403
1.4174413536238717e-06
0.04302806407213211
0.9994035959243774
0.993335485458374
2.005091914725199e-08
0.9144501686096191
0.9768572449684143
9.000208933684917e-07
0.08080929517745972
0.9996108412742615
0.0043695722706615925
1.9422108380240388e-05
8.624915182053883e-08
0.00035011133877560496
0.9999703168869019
0.33776721358299255
1.262883575492424e-09
0.9999916553497314
0.9998615980148315
0.9963833093643188
0.5284708142280579
0.9845955967903137
0.00014081299013923854
0.01806424744427204
0.0008182174060493708
0.10237157344818115
0.9999915361404419
0.031773630529642105
0.9999710321426392
0.004392682574689388
0.978253960609436
0.6934640407562256
0.9999994039535522
0.9999994039535522
0.9999995231628418
0.9861344695091248
0.9999961853027344
0.9999971389770508
0.9982023239135742
1.4904164800100261e-06
0.00019213442283216864
0.9999988079071045
0.9994766116142273
0.9999995231628418
0.9389466047286987
0.15785327553749084
0.9986302852630615
0.4759552478790283
0.99918133020401
0.6498629450798035
0.9999918937683105
0.0026973446365445852
0.9966719150543213
0.9998224377632141
0.9999947547912598
0.999473512172699
0.9999451637268066
0.9345406889915466
0.9999752044677734
0.0534917414188385
0.9999951124191284
0.9952823519706726
0.9999946355819702
0.999901294708252
1.3045590094407089e-05
0.9952777624130249
0.15914644300937653
0.006437566131353378
0.11502445489168167
0.9999793767929077
0.9999924898147583
0.995205819606781
0.24393406510353088
0.993492066860199
0.00024810561444610357
0.9455498456954956
0.27431195974349976
0.9751843810081482
0.9989942908287048
4.1660823058009555e-07
0.41078558564186096
0.9999963045120239
0.03995382413268089
0.9998418092727661
0.9999985694885254
0.9999982118606567
0.9996731281280518
3.556584715624922e-06
0.999535083770752
0.021560538560152054
9.106559950566862e-09
0.9995365142822266
0.9999911785125732
0.824620246887207
0.9990962743759155
0.2176337093114853
0.001338843023404479
0.9999847412109375
0.9999915361404419
0.9999357461929321
0.9577215909957886
0.9999120235443115
0.016483820974826813
0.9993058443069458
0.9999988079071045
0.1897008866071701
0.9997026324272156
0.9999969005584717
0.04293014481663704
0.9997342228889465
0.004831761587411165
0.0021689021959900856
0.9531518220901489
0.001247546635568142
0.006994465831667185
0.9999901056289673
0.08781742304563522
0.0019451688276603818
0.9812232255935669
0.0414673313498497
0.9994229078292847
0.9999134540557861
0.011401085183024406
0.9054737091064453
0.3887377679347992
0.7070717811584473
0.012517748400568962
0.9953676462173462
0.9999980926513672
0.9943600296974182
0.971062421798706
0.8860397338867188
0.9978455305099487
0.04569094628095627
0.9999392032623291
0.6832748055458069
0.9999904632568359
0.9985302686691284
0.9994122982025146
0.999622106552124
0.9221431612968445
0.00257744244299829
0.02033388800919056
0.999685525894165
0.9965596795082092
0.9999830722808838
0.9999967813491821
0.3343357741832733
0.9999973773956299
1.9312833501317073e-06
0.3186553120613098
0.9889834523200989
0.20333141088485718
0.999955415725708
0.9999995231628418
0.004065474029630423
0.9919443130493164
0.06383879482746124
0.8938827514648438
1.4877779563882143e-11
0.09874200820922852
0.9999960660934448
0.9042385816574097
5.18529645887611e-07
0.9900122284889221
0.9999269247055054
0.9999967813491821
0.9999876022338867
4.6468603613902815e-06
0.6050290465354919
0.03669693320989609
0.9999721050262451
0.9999990463256836
0.9514169692993164
0.9957321286201477
0.9947408437728882
3.451908014540095e-06
0.999998927116394
0.9999967813491821
7.673706022615079e-06
0.9999274015426636
0.9999966621398926
0.9990431666374207
6.615038614654623e-07
0.00028413571999408305
0.9950628876686096
0.9941176176071167
0.9998389482498169
0.002697200980037451
0.009333355352282524
0.9997239708900452
0.9995039701461792
0.9996767044067383
0.9995057582855225
0.999972939491272
0.9999902248382568
0.9999250173568726
0.9999994039535522
0.9704426527023315
0.9988994598388672
0.06058545783162117
0.9999805688858032
0.039932020008563995
0.3981580138206482
0.99992835521698
0.9336581230163574
0.9999998807907104
0.9999982118606567
0.04285290464758873
0.8927028179168701
0.9994261264801025
0.771278977394104
0.02267508953809738
0.934962809085846
0.9998809099197388
0.9999977350234985
0.9999994039535522
0.9995664954185486
0.992637038230896
0.9999970197677612
0.9705582857131958
0.32984980940818787
0.16480976343154907
0.24238784611225128
0.9969467520713806
0.9962670207023621
0.9999799728393555
0.9992923736572266
0.9999948740005493
0.00642410246655345
0.15673671662807465
0.0003156285092700273
0.9626498818397522
0.9999959468841553
0.9999977350234985
0.2549162209033966
0.7991760969161987
0.9084533452987671
0.9999970197677612
0.9999986886978149
0.9999978542327881
0.9919386506080627
0.007310196291655302
0.0008076048106886446
0.9999616146087646
0.9999176263809204
0.8457331657409668
0.9999991655349731
0.9999998807907104
0.9999946355819702
0.9999899864196777
2.4002420104807243e-05
0.9725064039230347
0.9963929057121277
0.017244378104805946
0.38464128971099854
0.9995911717414856
0.19534245133399963
0.9798375964164734
0.01971876062452793
0.9998103976249695
0.8749839663505554
0.9928332567214966
0.019726917147636414
0.013811741024255753
0.008214893750846386
0.023381831124424934
0.9994736313819885
0.0008884781273081899
0.9999721050262451
0.9997305274009705
0.9999992847442627
0.9999758005142212
0.9028651714324951
0.9999948740005493
0.9999501705169678
0.9996753931045532
0.0004877127939835191
0.00442724721506238
0.9999746084213257
0.90520179271698
0.9983224272727966
0.9999985694885254
5.264288483886048e-05
0.5926617383956909
0.8636854290962219
0.012098140083253384
0.9999524354934692
0.4199613332748413
0.007052582688629627
0.05153646320104599
0.9998961687088013
0.9913967251777649
0.9909424185752869
0.9976535439491272
0.024191945791244507
0.9999746084213257
0.9998457431793213
0.9999991655349731
0.00016612920444458723
0.9575109481811523
0.9999663829803467
0.9999381303787231
0.6119356751441956
1.2841350098824478e-06
9.984734816725904e-08
0.9990487694740295
6.421321450034156e-05
0.0003027124039363116
0.9265622496604919
0.9999419450759888
0.9999911785125732
0.0008978524128906429
0.9999456405639648
0.9999886751174927
0.9995843768119812
0.005620835814625025
0.9924117922782898
0.0034515331499278545
0.9956448078155518
0.9999715089797974
0.9999992847442627
0.96354740858078
0.9160743355751038
0.9942712783813477
0.9999608993530273
0.9960777163505554
1.68682436196832e-05
0.9996966123580933
0.9999957084655762
0.9983052015304565
0.9999994039535522
0.999996542930603
0.8847202658653259
0.9996178150177002
0.9998949766159058
0.8737996816635132
0.994024932384491
0.9723005890846252
0.999847412109375
0.9998194575309753
0.9994757771492004
0.9996460676193237
0.9741398096084595
0.00038942709215916693
0.014834359288215637
0.9999407529830933
0.10281619429588318
0.9998051524162292
0.9999991655349731
0.014439890161156654
0.13297425210475922
0.987030565738678
0.9995428323745728
0.9999697208404541
0.9976580142974854
0.9101279973983765
0.9999667406082153
0.9999957084655762
0.9995120763778687
0.9999841451644897
0.9960781931877136
0.9868382811546326
0.9999873638153076
0.9999923706054688
0.9999815225601196
0.9999206066131592
0.9987612962722778
0.9999984502792358
0.9999727010726929
0.9900180697441101
0.9958556294441223
0.9999635219573975
0.9999958276748657
0.9999971389770508
0.8993938565254211
0.999910831451416
0.9235526919364929
0.9999440908432007
0.9998676776885986
0.9999982118606567
0.0029863729141652584
0.9999773502349854
0.999975323677063
0.999997615814209
0.9766630530357361
0.9999744892120361
0.9995631575584412
0.999993085861206
0.9992673993110657
0.9994868040084839
0.9999986886978149
0.9864306449890137
0.004130456130951643
0.9999995231628418
0.9999984502792358
0.9954307079315186
0.9916853904724121
0.9982529282569885
0.36541277170181274
0.8468670845031738
0.9999966621398926
0.9998394250869751
0.02514050155878067
0.9998144507408142
0.9999973773956299
0.9997765421867371
0.9998801946640015
0.9997773766517639
0.9999985694885254
0.9999982118606567
0.9997367262840271
0.99947589635849
0.9999698400497437
0.9796063303947449
0.9980270266532898
0.9999973773956299
0.9999799728393555
0.9309051632881165
0.9890429377555847
0.9999823570251465
0.9973770380020142
0.9895451664924622
0.9999804496765137
0.999984860420227
0.018205268308520317
0.9999908208847046
0.0017620323924347758
0.9502991437911987
0.9999897480010986
0.8875511288642883
0.99992835521698
0.9870243072509766
0.9502668380737305
0.003160092979669571
0.9998505115509033
0.999984622001648
0.5110171437263489
0.9999960660934448
0.5481966137886047
0.9999926090240479
0.9999980926513672
0.7727347016334534
0.9999115467071533
0.9932047128677368
0.9999752044677734
0.9998362064361572
0.9999409914016724
0.7952698469161987
0.9987967014312744
1.75788900378393e-05
0.9994121789932251
0.9999581575393677
0.9999001026153564
0.9998786449432373
0.9686313271522522
1.7345562355330912e-06
0.9999465942382812
0.9096362590789795
0.04969694837927818
0.17678731679916382
0.9001294374465942
0.6797567009925842
0.9984747767448425
0.9999974966049194
0.9998078942298889
0.9894676804542542
0.029816055670380592
0.9648341536521912
0.9998432397842407
0.9997629523277283
0.9999103546142578
0.9975316524505615
0.9999058246612549
1.00795637081319e-06
0.9999995231628418
0.9999998807907104
0.9996317625045776
0.9558870792388916
0.9985277652740479
0.9953591227531433
0.9989851117134094
0.9999432563781738
0.9999939203262329
0.6182365417480469
7.755059777991846e-05
0.9999723434448242
0.9988858103752136
0.025687776505947113
0.998397171497345
