0.2222222222222222
0.15625
0.2222222222222222
0.0
0.08823529411764706
0.0
0.17964071856287425
0.1
0.08695652173913043
0.4444444444444444
0.2903225806451613
0.07692307692307693
0.0
0.0625
0.0
0.1111111111111111
0.2
0.12
0.18181818181818182
0.34375
0.07575757575757576
0.21052631578947367
0.13333333333333333
0.07142857142857142
0.2857142857142857
0.4090909090909091
0.08695652173913043
0.15789473684210525
0.17857142857142858
0.1111111111111111
0.10526315789473684
0.0
0.06666666666666667
0.05263157894736842
0.18181818181818182
0.2222222222222222
0.07894736842105263
0.2857142857142857
0.08
0.1111111111111111
0.0
0.0
0.07142857142857142
0.0
0.16666666666666666
0.06666666666666667
0.16
0.14893617021276595
0.14285714285714285
0.0
0.12371134020618557
0.0
