0.031746031746031744
0.3235294117647059
0.6
0.2647058823529412
0.09523809523809523
0.15384615384615385
0.0
0.024390243902439025
0.0
0.16666666666666666
0.0
0.0
0.09090909090909091
0.2222222222222222
0.09375
0.0
0.0
0.3333333333333333
0.15
0.11764705882352941
0.3333333333333333
0.0
0.3333333333333333
0.45454545454545453
0.13333333333333333
0.07142857142857142
0.17142857142857143
0.0
0.3333333333333333
0.10714285714285714
0.25
0.26785714285714285
0.0
0.0
0.11428571428571428
0.0
0.06451612903225806
0.10526315789473684
0.45454545454545453
0.0
0.4166666666666667
0.05263157894736842
0.0
0.0
0.07142857142857142
0.08333333333333333
0.0
0.20454545454545456
0.08695652173913043
0.0
0.0
0.19230769230769232
0.0
0.1323529411764706
0.046511627906976744
0.0
0.08695652173913043
0.2
0.0
0.3076923076923077
0.08695652173913043
0.2
0.15384615384615385
0.07407407407407407
0.0
0.0
0.5454545454545454
0.375
0.06896551724137931
0.17857142857142858
0.8571428571428571
0.0
0.0
0.0
0.07142857142857142
0.0
0.0
0.125
0.2727272727272727
0.13043478260869565
0.3076923076923077
0.0
0.09090909090909091
0.0
0.3181818181818182
0.23529411764705882
0.09523809523809523
0.0
0.13333333333333333
0.0
0.1
0.0
0.0
0.0
0.0
0.0
0.0
0.06896551724137931
0.07407407407407407
0.0
0.0
