0.09090909090909091
0.05555555555555555
0.35294117647058826
0.2236842105263158
0.058823529411764705
0.1875
0.28125
0.043478260869565216
0.0
0.15384615384615385
0.0
0.1388888888888889
0.2
0.14285714285714285
0.11764705882352941
0.0
0.029411764705882353
0.09090909090909091
0.25
0.2857142857142857
0.0
0.16666666666666666
0.10714285714285714
0.08333333333333333
0.1
0.2
0.08333333333333333
0.0
0.1111111111111111
0.0
0.4
0.125
0.0
0.18181818181818182
0.16666666666666666
0.28
0.3333333333333333
0.0
0.0
0.0
0.0
0.0
0.0
0.0
0.5
0.0
0.08108108108108109
0.21052631578947367
0.05
0.0625
0.07142857142857142
0.07142857142857142
0.125
0.8333333333333334
0.23076923076923078
0.0
0.0
0.05263157894736842
0.0
0.13333333333333333
0.3333333333333333
0.3076923076923077
0.05
0.2413793103448276
0.09090909090909091
0.23076923076923078
0.0
0.0
0.25
0.265625
0.06666666666666667
0.07272727272727272
0.0
0.05
0.2765957446808511
0.3103448275862069
0.23529411764705882
0.23529411764705882
0.05714285714285714
0.0
0.15
0.0
0.0
0.10526315789473684
0.14285714285714285
0.0
0.05555555555555555
0.0
0.08
0.0
0.15
0.0
0.0
0.08695652173913043
0.0
0.0
0.19148936170212766
0.0
0.35714285714285715
0.0
0.03125
0.0
0.375
0.0
0.375
0.0
