0.25
0.24324324324324326
0.0
0.13636363636363635
0.0
0.14705882352941177
0.34782608695652173
0.20454545454545456
0.3181818181818182
0.09803921568627451
0.2222222222222222
0.35714285714285715
0.5333333333333333
0.25
0.1875
0.5384615384615384
0.45161290322580644
0.125
0.2631578947368421
0.0
0.13953488372093023
0.0
0.1111111111111111
0.0
0.4
0.15625
0.17647058823529413
0.0
0.25
0.05
0.18518518518518517
0.4
0.047619047619047616
0.4642857142857143
0.22580645161290322
0.42857142857142855
0.1
0.1111111111111111
0.4230769230769231
0.0
0.7777777777777778
0.0
0.2608695652173913
0.3125
0.18181818181818182
0.8181818181818182
0.2222222222222222
0.5128205128205128
0.2857142857142857
0.045454545454545456
0.26666666666666666
0.23529411764705882
0.3
0.23076923076923078
0.09523809523809523
0.5
0.14705882352941177
0.0
0.4666666666666667
0.4444444444444444
0.08333333333333333
0.09090909090909091
0.5
0.20833333333333334
0.13333333333333333
0.0
0.3611111111111111
0.20588235294117646
0.12698412698412698
0.0
0.5
0.4
0.25
0.2631578947368421
0.09090909090909091
0.05555555555555555
0.22580645161290322
0.3333333333333333
0.08108108108108109
0.04
0.25
0.23809523809523808
0.3
0.0
0.5
0.2
0.5
0.18518518518518517
0.09523809523809523
0.5384615384615384
0.08695652173913043
0.21739130434782608
0.2631578947368421
0.18181818181818182
0.22727272727272727
0.07692307692307693
0.13636363636363635
0.15789473684210525
0.3829787234042553
0.38095238095238093
0.27586206896551724
0.3181818181818182
0.0
0.07692307692307693
0.2962962962962963
0.09302325581395349
0.14285714285714285
0.0
0.5333333333333333
0.0
0.5
0.08333333333333333
0.3870967741935484
0.4444444444444444
0.18181818181818182
0.42105263157894735
0.28
0.38461538461538464
0.12903225806451613
0.14705882352941177
