0.0
0.12121212121212122
0.75
0.125
0.125
0.5357142857142857
0.2727272727272727
0.6363636363636364
0.5
0.1111111111111111
0.47619047619047616
0.09090909090909091
0.3888888888888889
0.3793103448275862
0.1
0.7
0.4032258064516129
0.21428571428571427
0.8
0.45454545454545453
0.16666666666666666
0.0
0.4482758620689655
0.46153846153846156
0.12903225806451613
0.23333333333333334
0.2127659574468085
0.2
0.6666666666666666
0.375
0.125
0.21428571428571427
0.19047619047619047
0.0
0.3333333333333333
0.4444444444444444
0.2857142857142857
0.3333333333333333
0.5
0.6153846153846154
0.0
0.3333333333333333
0.058823529411764705
0.0
0.1111111111111111
0.1
0.23529411764705882
0.09090909090909091
0.52
0.0
0.3181818181818182
0.46153846153846156
0.26666666666666666
0.1111111111111111
0.10869565217391304
0.1111111111111111
0.5
0.0
0.2692307692307692
0.0
0.1875
0.3
0.36363636363636365
0.4
0.0
0.2542372881355932
0.45454545454545453
0.24
0.4375
0.44
0.2222222222222222
0.25
0.34146341463414637
0.14285714285714285
0.391304347826087
0.0
0.2857142857142857
0.3333333333333333
0.04918032786885246
0.3
0.06666666666666667
0.2
0.2222222222222222
0.3888888888888889
0.3783783783783784
0.18181818181818182
0.2727272727272727
0.17647058823529413
0.22
0.12
0.2608695652173913
0.35294117647058826
0.2857142857142857
0.4339622641509434
0.3
0.1111111111111111
0.2222222222222222
0.13432835820895522
0.045454545454545456
0.2
0.4
0.25
0.14285714285714285
0.15384615384615385
0.3333333333333333
0.28
0.2222222222222222
0.5
0.6666666666666666
0.0
0.13043478260869565
0.23529411764705882
0.38461538461538464
0.23529411764705882
0.06666666666666667
0.22580645161290322
0.0625
0.5806451612903226
0.4375
0.0
0.4375
0.0
0.16666666666666666
0.46153846153846156
0.4090909090909091
0.3
0.041666666666666664
0.2916666666666667
0.14285714285714285
0.2727272727272727
0.04
0.08695652173913043
0.08823529411764706
0.3333333333333333
0.34782608695652173
0.44
0.16666666666666666
0.5
0.2857142857142857
0.391304347826087
0.09090909090909091
0.0
0.45161290322580644
0.6875
0.0
0.23076923076923078
0.15384615384615385
0.18181818181818182
0.1590909090909091
0.0
0.0
0.42105263157894735
0.2
0.2
0.375
0.4117647058823529
0.0
0.0
0.125
0.4827586206896552
0.18518518518518517
0.3125
0.47058823529411764
0.2777777777777778
0.34210526315789475
0.3333333333333333
0.26666666666666666
0.4444444444444444
0.19047619047619047
0.07142857142857142
0.1111111111111111
0.2
