0.4107142857142857
0.09375
0.3076923076923077
0.16666666666666666
0.1
0.0
0.15384615384615385
0.2
0.0
0.0
0.0
0.7142857142857143
0.38095238095238093
0.21428571428571427
0.0
0.08333333333333333
0.36363636363636365
0.3125
0.0
0.20930232558139536
0.0
0.0
0.0
0.2692307692307692
0.0
0.3170731707317073
0.6666666666666666
0.2727272727272727
0.0
0.125
0.08695652173913043
0.3684210526315789
0.10526315789473684
0.18518518518518517
0.4166666666666667
0.0
0.0
0.4117647058823529
0.0
0.1111111111111111
0.45714285714285713
0.25
0.0
0.5
0.6666666666666666
0.0
0.0
0.0
0.09090909090909091
1.0
0.0
0.0
0.5333333333333333
0.42857142857142855
0.2
0.22727272727272727
0.10344827586206896
0.15384615384615385
0.0
0.2857142857142857
0.11764705882352941
0.047619047619047616
0.2857142857142857
0.0
0.058823529411764705
0.16666666666666666
0.28125
0.3125
0.13793103448275862
0.0
0.2
0.35294117647058826
0.0
0.4166666666666667
0.0
0.0
0.0
0.28
0.0
0.2
0.0
0.058823529411764705
0.16666666666666666
0.7
0.0
0.09090909090909091
0.1
0.2641509433962264
0.2
0.0
0.0
0.0
0.08571428571428572
0.15384615384615385
0.0
