0.2
0.08333333333333333
0.6
0.2222222222222222
0.23076923076923078
0.0
0.0
0.07142857142857142
0.0
0.16666666666666666
0.47058823529411764
0.17647058823529413
0.07692307692307693
0.24242424242424243
0.0
0.38461538461538464
0.375
0.5
0.35714285714285715
0.16666666666666666
0.12
0.0
0.0
0.09090909090909091
0.0625
0.0
0.2
0.0
0.0
0.6666666666666666
0.0
0.1875
0.0
0.0
0.125
0.07142857142857142
0.3125
0.34285714285714286
0.14285714285714285
0.17391304347826086
0.5625
0.08333333333333333
0.45714285714285713
0.4
0.02
0.0625
0.0
0.5882352941176471
0.4
0.6
0.0
0.17647058823529413
0.16666666666666666
0.0
0.07692307692307693
0.3333333333333333
0.0
0.12195121951219512
0.47058823529411764
0.0
0.07142857142857142
0.5882352941176471
0.17647058823529413
0.2222222222222222
0.0
0.0
0.0
0.17391304347826086
0.3333333333333333
0.13333333333333333
0.4375
0.21739130434782608
0.16666666666666666
0.3333333333333333
0.125
0.0
0.15384615384615385
0.1724137931034483
0.23076923076923078
0.3333333333333333
0.16666666666666666
0.21428571428571427
0.25
0.06666666666666667
0.2222222222222222
0.23809523809523808
0.0
0.0
0.07692307692307693
0.0
0.0
0.4166666666666667
0.5714285714285714
0.42857142857142855
0.46153846153846156
0.8333333333333334
0.0
0.15384615384615385
0.2926829268292683
0.07692307692307693
0.23529411764705882
0.38461538461538464
0.0
0.38461538461538464
0.1111111111111111
0.3333333333333333
0.0
0.46153846153846156
0.0
0.0
0.36
0.0
0.0
0.3125
0.15789473684210525
0.0
0.0
0.0
0.125
0.043478260869565216
0.0
0.0
0.5238095238095238
0.125
0.0
0.0
0.0
0.0
0.0967741935483871
0.3
0.4230769230769231
0.5333333333333333
0.42857142857142855
0.0
0.0
0.0
0.3333333333333333
0.625
0.0
0.0
0.16666666666666666
0.0
0.4444444444444444
0.5
0.5
0.4
0.0
0.3125
0.5833333333333334
0.1111111111111111
0.1111111111111111
0.19047619047619047
0.1111111111111111
0.34375
0.03225806451612903
0.5714285714285714
0.0
0.15217391304347827
0.14285714285714285
0.0
0.1935483870967742
0.0
0.21428571428571427
0.2
0.25
0.18181818181818182
0.0
0.3333333333333333
0.16
0.16666666666666666
0.0
0.18181818181818182
0.0
0.8181818181818182
0.4
0.2972972972972973
0.0
0.1111111111111111
0.2857142857142857
0.0
0.18181818181818182
0.14285714285714285
0.125
0.0
0.1
0.2777777777777778
0.0
0.2222222222222222
0.0
0.0
0.08333333333333333
0.2631578947368421
0.4
0.3
0.0
0.16666666666666666
0.16666666666666666
0.058823529411764705
0.4
0.375
0.0
0.4782608695652174
0.4117647058823529
0.0
0.0
0.0
0.09090909090909091
0.0
0.0
0.047619047619047616
0.2692307692307692
0.0
0.38235294117647056
0.5
0.1
0.2903225806451613
0.0
0.0
0.1
0.23529411764705882
0.15151515151515152
0.09090909090909091
