0.15
0.45
0.29411764705882354
0.0
0.09523809523809523
0.25
0.16666666666666666
0.16
0.3333333333333333
0.19444444444444445
0.4782608695652174
0.3888888888888889
0.2
0.0
0.8181818181818182
0.21428571428571427
0.2857142857142857
0.2222222222222222
0.3333333333333333
0.3333333333333333
0.2857142857142857
0.1111111111111111
0.5
0.5882352941176471
0.42857142857142855
0.15384615384615385
0.2
0.0
0.0
0.9230769230769231
0.35714285714285715
0.3333333333333333
0.16666666666666666
0.21428571428571427
0.125
0.0
0.14285714285714285
0.6470588235294118
0.038461538461538464
0.15625
0.125
0.6923076923076923
0.0
0.5384615384615384
0.2
0.3157894736842105
0.0
0.0
0.0
0.2222222222222222
0.625
0.5
0.0
0.0
0.3
0.0
0.125
0.3333333333333333
0.07692307692307693
0.36363636363636365
0.07692307692307693
0.0
0.0
0.3333333333333333
0.625
0.0
0.4
0.0
0.8333333333333334
0.7
0.6153846153846154
0.2222222222222222
0.3
0.04
0.5384615384615384
0.26666666666666666
0.35714285714285715
0.25
0.5333333333333333
0.09090909090909091
0.35
0.5384615384615384
0.5714285714285714
0.0
0.6666666666666666
0.21052631578947367
0.14285714285714285
0.0
0.3
0.05
0.18181818181818182
0.0
